# gsd	--	firingRate	maxFreq	ampFreq	ampOscil	class	meanEv	meanCT	L1	p1	L2	p2	L3	p3
0.00014	0	0	0.0058133	7.38497e-06	-10	-10	-10	-10	-10	-10	-10
0.0001402	0	0	0.018776	1.03372e-05	-10	-10	-10	-10	-10	-10	-10
0.0001404	0	0	0.0207477	8.9461e-06	-10	-10	-10	-10	-10	-10	-10
0.0001406	0	0	0.0167262	1.00481e-05	-10	-10	-10	-10	-10	-10	-10
0.0001408	0	0	0.0261728	8.52215e-06	-10	-10	-10	-10	-10	-10	-10
0.000141	0	0	0.0148988	1.24324e-05	-10	-10	-10	-10	-10	-10	-10
0.0001412	0	0	0.0212903	8.20551e-06	-10	-10	-10	-10	-10	-10	-10
0.0001414	0	0	0.0143044	1.50353e-05	-10	-10	-10	-10	-10	-10	-10
0.0001416	0	0	0.0113973	7.76249e-06	-10	-10	-10	-10	-10	-10	-10
0.0001418	0	0	0.0229329	8.66516e-06	-10	-10	-10	-10	-10	-10	-10
0.000142	0	0	0.0240242	8.01576e-06	-10	-10	-10	-10	-10	-10	-10
0.0001422	0	0	0.0156156	1.21639e-05	-10	-10	-10	-10	-10	-10	-10
0.0001424	0	0	0.0155418	1.64399e-05	-10	-10	-10	-10	-10	-10	-10
0.0001426	0	0	0.0220577	9.75298e-06	-10	-10	-10	-10	-10	-10	-10
0.0001428	0	0	0.0109991	1.19096e-05	-10	-10	-10	-10	-10	-10	-10
0.000143	0	0	0.0207908	1.31532e-05	-10	-10	-10	-10	-10	-10	-10
0.0001432	0	0	0.00927335	1.39257e-05	-10	-10	-10	-10	-10	-10	-10
0.0001434	0	0	0.0120738	8.58212e-06	-10	-10	-10	-10	-10	-10	-10
0.0001436	0	0	0.00617218	5.61176e-06	-10	-10	-10	-10	-10	-10	-10
0.0001438	0	0	0.0172246	8.70446e-06	-10	-10	-10	-10	-10	-10	-10
0.000144	0	0	0.0211514	8.38771e-06	-10	-10	-10	-10	-10	-10	-10
0.0001442	0	0	0.0265376	1.69457e-05	-10	-10	-10	-10	-10	-10	-10
0.0001444	0	0	0.00850943	9.83857e-06	-10	-10	-10	-10	-10	-10	-10
0.0001446	0	0	0.02325	1.33877e-05	-10	-10	-10	-10	-10	-10	-10
0.0001448	0	0	0.0344289	9.70173e-06	-10	-10	-10	-10	-10	-10	-10
0.000145	0	0	0.0253649	1.15202e-05	-10	-10	-10	-10	-10	-10	-10
0.0001452	0	0	0.0314011	2.03625e-05	-10	-10	-10	-10	-10	-10	-10
0.0001454	0	0	0.0404923	1.37865e-05	-10	-10	-10	-10	-10	-10	-10
0.0001456	0	0	0.0380516	1.3527e-05	-10	-10	-10	-10	-10	-10	-10
0.0001458	0	0	0.0268391	1.30088e-05	-10	-10	-10	-10	-10	-10	-10
0.000146	0	0	0.00612276	8.89243e-06	-10	-10	-10	-10	-10	-10	-10
0.0001462	0	0	0.0131227	1.0072e-05	-10	-10	-10	-10	-10	-10	-10
0.0001464	0	0	0.0379992	1.51355e-05	-10	-10	-10	-10	-10	-10	-10
0.0001466	0	0	0.0307125	9.96914e-06	-10	-10	-10	-10	-10	-10	-10
0.0001468	0	0	0.0364659	1.41143e-05	-10	-10	-10	-10	-10	-10	-10
0.000147	0	0	0.0434366	1.6201e-05	-10	-10	-10	-10	-10	-10	-10
0.0001472	0	0	0.0384442	9.98858e-06	-10	-10	-10	-10	-10	-10	-10
0.0001474	0	0	0.00983364	1.07869e-05	-10	-10	-10	-10	-10	-10	-10
0.0001476	0	0	0.0474432	1.16092e-05	-10	-10	-10	-10	-10	-10	-10
0.0001478	0	0	0.00645817	6.34393e-06	-10	-10	-10	-10	-10	-10	-10
0.000148	0	0	0.0369445	1.08083e-05	-10	-10	-10	-10	-10	-10	-10
0.0001482	0	0	0.0126847	8.39033e-06	-10	-10	-10	-10	-10	-10	-10
0.0001484	0	0	0.046217	1.00273e-05	-10	-10	-10	-10	-10	-10	-10
0.0001486	0	0	0.0489545	1.0428e-05	-10	-10	-10	-10	-10	-10	-10
0.0001488	0	0	0.010582	6.31988e-06	-10	-10	-10	-10	-10	-10	-10
0.000149	0	0	0.0394835	1.07217e-05	-10	-10	-10	-10	-10	-10	-10
0.0001492	0	0	0.0159532	1.15151e-05	-10	-10	-10	-10	-10	-10	-10
0.0001494	0	0	0.0410208	1.25745e-05	-10	-10	-10	-10	-10	-10	-10
0.0001496	0	0	0.01177	9.22474e-06	-10	-10	-10	-10	-10	-10	-10
0.0001498	0	0	0.0156538	1.02032e-05	-10	-10	-10	-10	-10	-10	-10
0.00015	0	0	0.0335713	1.24649e-05	-10	-10	-10	-10	-10	-10	-10
0.0001502	0	0	0.0551805	1.57495e-05	-10	-10	-10	-10	-10	-10	-10
0.0001504	0	0	0.0604432	1.40725e-05	-10	-10	-10	-10	-10	-10	-10
0.0001506	0	0	0.0753531	1.3655e-05	-10	-10	-10	-10	-10	-10	-10
0.0001508	0	0	0.0553675	1.2639e-05	-10	-10	-10	-10	-10	-10	-10
0.000151	0	0	0.0195184	1.10172e-05	-10	-10	-10	-10	-10	-10	-10
0.0001512	0	0	0.0466185	1.2175e-05	-10	-10	-10	-10	-10	-10	-10
0.0001514	0	0	0.0514844	1.32879e-05	-10	-10	-10	-10	-10	-10	-10
0.0001516	0	0	0.0514816	1.60509e-05	-10	-10	-10	-10	-10	-10	-10
0.0001518	0	0	0.0704284	1.14677e-05	-10	-10	-10	-10	-10	-10	-10
0.000152	0	0	0.0649473	1.2844e-05	-10	-10	-10	-10	-10	-10	-10
0.0001522	0	0	0.0735432	1.56417e-05	-10	-10	-10	-10	-10	-10	-10
0.0001524	0	0	0.0758326	1.31249e-05	-10	-10	-10	-10	-10	-10	-10
0.0001526	0	0	0.0836574	1.2355e-05	-10	-10	-10	-10	-10	-10	-10
0.0001528	0	0	0.0408351	1.16801e-05	-10	-10	-10	-10	-10	-10	-10
0.000153	0	0	0.0886806	1.6042e-05	-10	-10	-10	-10	-10	-10	-10
0.0001532	0	0	0.0643514	1.88534e-05	-10	-10	-10	-10	-10	-10	-10
0.0001534	0	0	0.0790292	1.53486e-05	-10	-10	-10	-10	-10	-10	-10
0.0001536	0	0	0.0298955	1.21482e-05	-10	-10	-10	-10	-10	-10	-10
0.0001538	0	0	0.112086	1.52837e-05	-10	-10	-10	-10	-10	-10	-10
0.000154	0	0	0.0827191	1.2801e-05	-10	-10	-10	-10	-10	-10	-10
0.0001542	0	0	0.0780986	1.51707e-05	-10	-10	-10	-10	-10	-10	-10
0.0001544	0	0	0.0584031	1.85726e-05	-10	-10	-10	-10	-10	-10	-10
0.0001546	0	0	0.101808	1.77296e-05	-10	-10	-10	-10	-10	-10	-10
0.0001548	0	0	0.0256527	1.36494e-05	-10	-10	-10	-10	-10	-10	-10
0.000155	0	0	0.0891523	2.00247e-05	-10	-10	-10	-10	-10	-10	-10
0.0001552	0	0	0.10963	1.79023e-05	-10	-10	-10	-10	-10	-10	-10
0.0001554	0	0	0.102712	2.17716e-05	-10	-10	-10	-10	-10	-10	-10
0.0001556	0	0	0.0807881	1.91366e-05	-10	-10	-10	-10	-10	-10	-10
0.0001558	0	0	0.111189	1.50239e-05	-10	-10	-10	-10	-10	-10	-10
0.000156	0	0	0.142221	1.33398e-05	-10	-10	-10	-10	-10	-10	-10
0.0001562	0	0	0.149088	1.49592e-05	-10	-10	-10	-10	-10	-10	-10
0.0001564	0	0	0.0992694	1.67933e-05	-10	-10	-10	-10	-10	-10	-10
0.0001566	0	0	0.128205	1.82139e-05	-10	-10	-10	-10	-10	-10	-10
0.0001568	0	0	0.137078	2.14318e-05	-10	-10	-10	-10	-10	-10	-10
0.000157	0	0	0.120276	1.6276e-05	-10	-10	-10	-10	-10	-10	-10
0.0001572	0	0	0.16827	1.43659e-05	-10	-10	-10	-10	-10	-10	-10
0.0001574	0	0	0.183973	2.30521e-05	-10	-10	-10	-10	-10	-10	-10
0.0001576	0	0	0.168534	2.15139e-05	-10	-10	-10	-10	-10	-10	-10
0.0001578	0	0	0.180164	1.64405e-05	-10	-10	-10	-10	-10	-10	-10
0.000158	0	0	0.155378	1.91642e-05	-10	-10	-10	-10	-10	-10	-10
0.0001582	0	0	0.272057	1.98271e-05	-10	-10	-10	-10	-10	-10	-10
0.0001584	0	0	0.044972	1.56674e-05	-10	-10	-10	-10	-10	-10	-10
0.0001586	0	0	0.143279	2.20982e-05	-10	-10	-10	-10	-10	-10	-10
0.0001588	0	0	0.161282	2.04198e-05	-10	-10	-10	-10	-10	-10	-10
0.000159	0	0	0.215227	2.61409e-05	-10	-10	-10	-10	-10	-10	-10
0.0001592	0	0	0.192129	1.94716e-05	-10	-10	-10	-10	-10	-10	-10
0.0001594	0	0	0.258031	2.73623e-05	-10	-10	-10	-10	-10	-10	-10
0.0001596	0	0	0.252774	2.50691e-05	-10	-10	-10	-10	-10	-10	-10
0.0001598	0	0	0.345606	2.54936e-05	-10	-10	-10	-10	-10	-10	-10
0.00016	0	0	0.284649	2.39993e-05	-10	-10	-10	-10	-10	-10	-10
0.0001602	0	0	0.348654	3.01461e-05	-10	-10	-10	-10	-10	-10	-10
0.0001604	0	0	0.368765	2.54027e-05	-10	-10	-10	-10	-10	-10	-10
0.0001606	0	0	0.265197	2.64992e-05	-10	-10	-10	-10	-10	-10	-10
0.0001608	0	0	0.319771	2.63098e-05	-10	-10	-10	-10	-10	-10	-10
0.000161	0	0	0.589562	0.000332049	-10	-10	-10	-10	-10	-10	-10
0.0001612	0	0	6.49585	0.00204925	-10	-10	-10	-10	-10	-10	-10
0.0001614	0	0	46.0764	0.0104177	-10	-10	-10	-10	-10	-10	-10
0.0001616	0	0	302.616	0.0505828	-10	-10	-10	-10	-10	-10	-10
0.0001618	0	9.328	2982.09	0.221642	0.0138717	0.00906168	-0.00896429	0.273977	-0.026751	0.0256439	-0.00643965
0.000162	0	9.3304	69378.7	0.715707	0.0118113	0.421674	0.00979432	0.639297	-0.0205647	0.456052	0
0.0001622	0	9.3324	341965	1.41216	0	0	0	0	0	0	0
0.0001624	0	9.334	494815	1.99002	0	0	0	0	0	0	0
0.0001626	0	9.336	609918	2.44382	0	0	0	0	0	0	0
0.0001628	0	9.338	697469	2.82415	0	0	0	0	0	0	0
0.000163	0	9.3396	784963	3.15739	0	0	0	0	0	0	0
0.0001632	0	9.3416	859052	3.45715	0	0	0	0	0	0	0
0.0001634	0	9.3432	924019	3.73151	0	0	0	0	0	0	0
0.0001636	0	9.3452	989410	3.98572	0	0	0	0	0	0	0
0.0001638	0	9.3468	1.04799e+06	4.22346	0	0	0	0	0	0	0
0.000164	0	9.3488	1.09505e+06	4.44736	0	0	0	0	0	0	0
0.0001642	0	9.3504	1.15842e+06	4.65946	0	0	0	0	0	0	0
0.0001644	0	9.352	1.20321e+06	4.86132	0	0	0	0	0	0	0
0.0001646	0	9.354	1.23584e+06	5.05412	0	0	0	0	0	0	0
0.0001648	0	9.3556	1.2944e+06	5.23893	0	0	0	0	0	0	0
0.000165	0	9.3572	1.3434e+06	5.41657	0	0	0	0	0	0	0
0.0001652	0	9.3588	1.38616e+06	5.58772	0	0	0	0	0	0	0
0.0001654	0	9.3604	1.42545e+06	5.75294	0	0	0	0	0	0	0
0.0001656	0	9.362	1.46336e+06	5.91283	0	0	0	0	0	0	0
0.0001658	0	9.3636	1.50107e+06	6.06773	0	0	0	0	0	0	0
0.000166	0	9.3652	1.53868e+06	6.21804	0	0	0	0	0	0	0
0.0001662	0	9.3668	1.57515e+06	6.36403	0	0	0	0	0	0	0
0.0001664	0	9.3684	1.60832e+06	6.50617	0	0	0	0	0	0	0
0.0001666	0	9.37	1.63463e+06	6.64453	0	0	0	0	0	0	0
0.0001668	0	9.3716	1.64893e+06	6.77949	0	0	0	0	0	0	0
0.000167	0	9.3728	1.70065e+06	6.91117	0	0	0	0	0	0	0
0.0001672	0	9.3744	1.73844e+06	7.03979	0	0	0	0	0	0	0
0.0001674	0	9.376	1.7516e+06	7.16554	0	0	0	0	0	0	0
0.0001676	0	9.3772	1.79207e+06	7.28852	0	0	0	0	0	0	0
0.0001678	0	9.3788	1.82317e+06	7.40894	0	0	0	0	0	0	0
0.000168	0	9.38	1.84095e+06	7.5269	0	0	0	0	0	0	0
0.0001682	0	9.3816	1.88047e+06	7.6424	0	0	0	0	0	0	0
0.0001684	0	9.3828	1.89936e+06	7.75581	0	0	0	0	0	0	0
0.0001686	0	9.3844	1.92671e+06	7.86699	0	0	0	0	0	0	0
0.0001688	0	9.3856	1.96222e+06	7.97614	0	0	0	0	0	0	0
0.000169	0	9.3868	1.96592e+06	8.08334	0	0	0	0	0	0	0
0.0001692	0	9.3884	2.00271e+06	8.18873	0	0	0	0	0	0	0
0.0001694	0	9.3896	2.03829e+06	8.29228	0	0	0	0	0	0	0
0.0001696	0	9.3908	2.05863e+06	8.39412	0	0	0	0	0	0	0
0.0001698	0	9.392	2.07015e+06	8.49424	0	0	0	0	0	0	0
0.00017	0	9.3932	2.07852e+06	8.59279	0	0	0	0	0	0	0
0.0001702	0	9.3948	2.10665e+06	8.68986	0	0	0	0	0	0	0
0.0001704	0	9.396	2.13485e+06	8.78543	0	0	0	0	0	0	0
0.0001706	0	9.3972	2.15822e+06	8.87952	0	0	0	0	0	0	0
0.0001708	0	9.3984	2.1768e+06	8.97224	0	0	0	0	0	0	0
0.000171	0	9.3996	2.18983e+06	9.06363	0	0	0	0	0	0	0
0.0001712	0	9.4004	2.21473e+06	9.15375	0	0	0	0	0	0	0
0.0001714	0	9.4016	2.2508e+06	9.24256	0	0	0	0	0	0	0
0.0001716	0	9.4028	2.282e+06	9.33024	0	0	0	0	0	0	0
0.0001718	0	9.404	2.30173e+06	9.41667	0	0	0	0	0	0	0
0.000172	0	9.4052	2.30185e+06	9.50206	0	0	0	0	0	0	0
0.0001722	0	9.406	2.32774e+06	9.58625	0	0	0	0	0	0	0
0.0001724	0	9.4072	2.36289e+06	9.66936	0	0	0	0	0	0	0
0.0001726	0	9.4084	2.35777e+06	9.75148	0	0	0	0	0	0	0
0.0001728	0	9.4092	2.39519e+06	9.83255	0	0	0	0	0	0	0
0.000173	0	9.4104	2.40869e+06	9.91265	0	0	0	0	0	0	0
0.0001732	0	9.4112	2.42824e+06	9.99181	0	0	0	0	0	0	0
0.0001734	0	9.4124	2.44347e+06	10.07	0	0	0	0	0	0	0
0.0001736	0	9.4132	2.4704e+06	10.1473	0	0	0	0	0	0	0
0.0001738	0	9.4144	2.45862e+06	10.2237	0	0	0	0	0	0	0
0.000174	0	9.4152	2.50796e+06	10.2992	0	0	0	0	0	0	0
0.0001742	0	9.416	2.51792e+06	10.3739	0	0	0	0	0	0	0
0.0001744	0	9.4172	2.5041e+06	10.4478	0	0	0	0	0	0	0
0.0001746	0	9.418	2.55074e+06	10.5208	0	0	0	0	0	0	0
0.0001748	0	9.4188	2.57699e+06	10.5931	0	0	0	0	0	0	0
0.000175	0	9.4196	2.59013e+06	10.6646	0	0	0	0	0	0	0
0.0001752	0	9.4204	2.5966e+06	10.7354	0	0	0	0	0	0	0
0.0001754	0	9.4212	2.60135e+06	10.8055	0	0	0	0	0	0	0
0.0001756	0	9.422	2.60821e+06	10.8748	0	0	0	0	0	0	0
0.0001758	0	9.4228	2.61954e+06	10.9434	0	0	0	0	0	0	0
0.000176	0	9.4236	2.63647e+06	11.0113	0	0	0	0	0	0	0
0.0001762	0	9.4244	2.65868e+06	11.0787	0	0	0	0	0	0	0
0.0001764	0	9.4252	2.68448e+06	11.1452	0	0	0	0	0	0	0
0.0001766	0	9.426	2.71079e+06	11.2112	0	0	0	0	0	0	0
0.0001768	0	9.4268	2.73296e+06	11.2765	0	0	0	0	0	0	0
0.000177	0	9.4276	2.74503e+06	11.3412	0	0	0	0	0	0	0
0.0001772	0	9.4284	2.73949e+06	11.4053	0	0	0	0	0	0	0
0.0001774	0	9.4288	2.75106e+06	11.4688	0	0	0	0	0	0	0
0.0001776	0	9.4296	2.79037e+06	11.5318	0	0	0	0	0	0	0
0.0001778	0	9.4304	2.79425e+06	11.5941	0	0	0	0	0	0	0
0.000178	0	9.4308	2.7926e+06	11.6559	0	0	0	0	0	0	0
0.0001782	0	9.4316	2.83363e+06	11.7172	0	0	0	0	0	0	0
0.0001784	0	9.4324	2.8084e+06	11.7779	0	0	0	0	0	0	0
0.0001786	0	9.4328	2.86e+06	11.8381	0	0	0	0	0	0	0
0.0001788	0	9.4336	2.83852e+06	11.8978	0	0	0	0	0	0	0
0.000179	0	9.434	2.8876e+06	11.957	0	0	0	0	0	0	0
0.0001792	0	9.4344	2.86346e+06	12.0156	0	0	0	0	0	0	0
0.0001794	0	9.4352	2.90867e+06	12.0738	0	0	0	0	0	0	0
0.0001796	0	9.4356	2.92019e+06	12.1315	0	0	0	0	0	0	0
0.0001798	0	9.4364	2.89283e+06	12.1888	0	0	0	0	0	0	0
0.00018	0	9.4368	2.944e+06	12.2455	0	0	0	0	0	0	0
0.0001802	0	9.4372	2.96471e+06	12.3018	0	0	0	0	0	0	0
0.0001804	0	9.4376	2.96424e+06	12.3577	0	0	0	0	0	0	0
0.0001806	0	9.438	2.95143e+06	12.4131	0	0	0	0	0	0	0
0.0001808	0	9.4388	2.9695e+06	12.4681	0	0	0	0	0	0	0
0.000181	0	9.4392	2.99744e+06	12.5227	0	0	0	0	0	0	0
0.0001812	0	9.4396	3.01754e+06	12.5768	0	0	0	0	0	0	0
0.0001814	0	9.44	3.03311e+06	12.6305	0	0	0	0	0	0	0
0.0001816	0	9.4404	3.04579e+06	12.6838	0	0	0	0	0	0	0
0.0001818	0	9.4408	3.05644e+06	12.7367	0	0	0	0	0	0	0
0.000182	0	9.4412	3.06394e+06	12.7893	0	0	0	0	0	0	0
0.0001822	0	9.4416	3.06649e+06	12.8414	0	0	0	0	0	0	0
0.0001824	0	9.442	3.06044e+06	12.8931	0	0	0	0	0	0	0
0.0001826	0	9.442	3.07081e+06	12.9445	0	0	0	0	0	0	0
0.0001828	0	9.4424	3.10724e+06	12.9955	0	0	0	0	0	0	0
0.000183	0	9.4428	3.13024e+06	13.0461	0	0	0	0	0	0	0
0.0001832	0	9.4432	3.13093e+06	13.0964	0	0	0	0	0	0	0
0.0001834	0	9.4432	3.10245e+06	13.1463	0	0	0	0	0	0	0
0.0001836	0	9.4436	3.15684e+06	13.1959	0	0	0	0	0	0	0
0.0001838	0	9.444	3.16795e+06	13.2452	0	0	0	0	0	0	0
0.000184	0	9.444	3.14297e+06	13.2939	0	0	0	0	0	0	0
0.0001842	0	9.4444	3.19527e+06	13.3425	0	0	0	0	0	0	0
0.0001844	0	9.4448	3.17073e+06	13.3908	0	0	0	0	0	0	0
0.0001846	0	9.4448	3.21373e+06	13.4386	0	0	0	0	0	0	0
0.0001848	0	9.4452	3.19363e+06	13.4862	0	0	0	0	0	0	0
0.000185	0	9.4452	3.2364e+06	13.5334	0	0	0	0	0	0	0
0.0001852	0	9.4452	3.19665e+06	13.5804	0	0	0	0	0	0	0
0.0001854	0	9.4456	3.25466e+06	13.627	0	0	0	0	0	0	0
0.0001856	0	9.4456	3.25453e+06	13.6733	0	0	0	0	0	0	0
0.0001858	0	9.446	3.23942e+06	13.7194	0	0	0	0	0	0	0
0.000186	0	9.446	3.2844e+06	13.765	0	0	0	0	0	0	0
0.0001862	0	9.446	3.29287e+06	13.8104	0	0	0	0	0	0	0
0.0001864	0	9.446	3.27548e+06	13.8556	0	0	0	0	0	0	0
0.0001866	0	9.4464	3.28014e+06	13.9005	0	0	0	0	0	0	0
0.0001868	0	9.4464	3.31429e+06	13.9451	0	0	0	0	0	0	0
0.000187	0	9.4464	3.33422e+06	13.9894	0	0	0	0	0	0	0
0.0001872	0	9.4464	3.34562e+06	14.0334	0	0	0	0	0	0	0
0.0001874	0	9.4464	3.35301e+06	14.0772	0	0	0	0	0	0	0
0.0001876	0	9.4464	3.35967e+06	14.1207	0	0	0	0	0	0	0
0.0001878	0	9.4464	3.36765e+06	14.1639	0	0	0	0	0	0	0
0.000188	0	9.4464	3.37773e+06	14.2069	0	0	0	0	0	0	0
0.0001882	0	9.4464	3.38944e+06	14.2496	0	0	0	0	0	0	0
0.0001884	0	9.4464	3.40102e+06	14.2921	0	0	0	0	0	0	0
0.0001886	0	9.4464	3.40944e+06	14.3342	0	0	0	0	0	0	0
0.0001888	0	9.4464	3.4104e+06	14.3762	0	0	0	0	0	0	0
0.000189	0	9.4464	3.39834e+06	14.4179	0	0	0	0	0	0	0
0.0001892	0	9.446	3.39381e+06	14.4594	0	0	0	0	0	0	0
0.0001894	0	9.446	3.43573e+06	14.5006	0	0	0	0	0	0	0
0.0001896	0	9.446	3.45439e+06	14.5416	0	0	0	0	0	0	0
0.0001898	0	9.446	3.4389e+06	14.5824	0	0	0	0	0	0	0
0.00019	0	9.4456	3.44328e+06	14.6229	0	0	0	0	0	0	0
0.0001902	0	9.4456	3.48061e+06	14.6632	0	0	0	0	0	0	0
0.0001904	0	9.4456	3.45832e+06	14.7033	0	0	0	0	0	0	0
0.0001906	0	9.4452	3.48588e+06	14.7432	0	0	0	0	0	0	0
0.0001908	0	9.4452	3.496e+06	14.7828	0	0	0	0	0	0	0
0.000191	0	9.4448	3.48994e+06	14.8222	0	0	0	0	0	0	0
0.0001912	0	9.4448	3.51602e+06	14.8614	0	0	0	0	0	0	0
0.0001914	0	9.4444	3.50946e+06	14.9004	0	0	0	0	0	0	0
0.0001916	0	9.4444	3.52486e+06	14.9392	0	0	0	0	0	0	0
0.0001918	0	9.444	3.54087e+06	14.9778	0	0	0	0	0	0	0
0.000192	0	9.444	3.50898e+06	15.0161	0	0	0	0	0	0	0
0.0001922	0	9.4436	3.5617e+06	15.0543	0	0	0	0	0	0	0
0.0001924	0	9.4432	3.55807e+06	15.0922	0	0	0	0	0	0	0
0.0001926	0	9.4432	3.52934e+06	15.13	0	0	0	0	0	0	0
0.0001928	0	9.4428	3.57867e+06	15.1675	0	0	0	0	0	0	0
0.000193	0	9.4424	3.59471e+06	15.2049	0	0	0	0	0	0	0
0.0001932	0	9.442	3.58691e+06	15.2421	0	0	0	0	0	0	0
0.0001934	0	9.4416	3.56432e+06	15.2791	0	0	0	0	0	0	0
0.0001936	0	9.4416	3.57988e+06	15.3159	0	0	0	0	0	0	0
0.0001938	0	9.4412	3.60763e+06	15.3524	0	0	0	0	0	0	0
0.000194	0	9.4408	3.62587e+06	15.3889	0	0	0	0	0	0	0
0.0001942	0	9.4404	3.63808e+06	15.4251	0	0	0	0	0	0	0
0.0001944	0	9.44	3.64741e+06	15.4611	0	0	0	0	0	0	0
0.0001946	0	9.4396	3.65515e+06	15.497	0	0	0	0	0	0	0
0.0001948	0	9.4392	3.66197e+06	15.5327	0	0	0	0	0	0	0
0.000195	0	9.4388	3.66704e+06	15.5682	0	0	0	0	0	0	0
0.0001952	0	9.4384	3.66826e+06	15.6036	0	0	0	0	0	0	0
0.0001954	0	9.438	3.66286e+06	15.6387	0	0	0	0	0	0	0
0.0001956	0	9.4376	3.6464e+06	15.6737	0	0	0	0	0	0	0
0.0001958	0	9.4368	3.66091e+06	15.7086	0	0	0	0	0	0	0
0.000196	0	9.4364	3.69609e+06	15.7432	0	0	0	0	0	0	0
0.0001962	0	9.436	3.71445e+06	15.7778	0	0	0	0	0	0	0
0.0001964	0	9.4356	3.70689e+06	15.8121	0	0	0	0	0	0	0
0.0001966	0	9.4348	3.67164e+06	15.8462	0	0	0	0	0	0	0
0.0001968	0	9.4344	3.72744e+06	15.8802	0	0	0	0	0	0	0
0.000197	0	9.434	3.73747e+06	15.9141	0	0	0	0	0	0	0
0.0001972	0	9.4336	3.68843e+06	15.9478	0	0	0	0	0	0	0
0.0001974	0	9.4328	3.75302e+06	15.9814	0	0	0	0	0	0	0
0.0001976	0	9.4324	3.74203e+06	16.0147	0	0	0	0	0	0	0
0.0001978	0	9.4316	3.7523e+06	16.0479	0	0	0	0	0	0	0
0.000198	0	9.4312	3.76713e+06	16.081	0	0	0	0	0	0	0
0.0001982	0	9.4304	3.75975e+06	16.114	0	0	0	0	0	0	0
0.0001984	0	9.43	3.77917e+06	16.1467	0	0	0	0	0	0	0
0.0001986	0	9.4292	3.78244e+06	16.1793	0	0	0	0	0	0	0
0.0001988	0	9.4288	3.77542e+06	16.2118	0	0	0	0	0	0	0
0.000199	0	9.428	3.80922e+06	16.2442	0	0	0	0	0	0	0
0.0001992	0	9.4272	3.77e+06	16.2763	0	0	0	0	0	0	0
0.0001994	0	9.4268	3.81038e+06	16.3084	0	0	0	0	0	0	0
0.0001996	0	9.426	3.8277e+06	16.3403	0	0	0	0	0	0	0
0.0001998	0	9.4252	3.80008e+06	16.3722	0	0	0	0	0	0	0
0.0002	0	9.4248	3.81003e+06	16.4037	0	0	0	0	0	0	0
0.0002002	0	9.424	3.84505e+06	16.4353	0	0	0	0	0	0	0
0.0002004	0	9.4232	3.85363e+06	16.4666	0	0	0	0	0	0	0
0.0002006	0	9.4224	3.84418e+06	16.4978	0	0	0	0	0	0	0
0.0002008	0	9.4216	3.82385e+06	16.5289	0	0	0	0	0	0	0
0.000201	0	9.4212	3.82164e+06	16.5598	0	0	0	0	0	0	0
0.0002012	0	9.4204	3.84836e+06	16.5907	0	0	0	0	0	0	0
0.0002014	0	9.4196	3.86645e+06	16.6213	0	0	0	0	0	0	0
0.0002016	0	9.4188	3.8789e+06	16.6519	0	0	0	0	0	0	0
0.0002018	0	9.418	3.88736e+06	16.6823	0	0	0	0	0	0	0
0.000202	0	9.4172	3.89291e+06	16.7127	0	0	0	0	0	0	0
0.0002022	0	9.4164	3.89507e+06	16.7428	0	0	0	0	0	0	0
0.0002024	0	9.4156	3.89269e+06	16.7729	0	0	0	0	0	0	0
0.0002026	0	9.4148	3.88331e+06	16.8028	0	0	0	0	0	0	0
0.0002028	0	9.4136	3.86595e+06	16.8326	0	0	0	0	0	0	0
0.000203	0	9.4128	3.90194e+06	16.8623	0	0	0	0	0	0	0
0.0002032	0	9.412	3.93111e+06	16.8919	0	0	0	0	0	0	0
0.0002034	0	9.4112	3.94675e+06	16.9215	0	0	0	0	0	0	0
0.0002036	0	9.4104	3.94094e+06	16.9506	0	0	0	0	0	0	0
0.0002038	0	9.4096	3.90505e+06	16.9799	0	0	0	0	0	0	0
0.000204	0	9.4084	3.94386e+06	17.009	0	0	0	0	0	0	0
0.0002042	0	9.4076	3.96982e+06	17.0379	0	0	0	0	0	0	0
0.0002044	0	9.4068	3.94632e+06	17.0668	0	0	0	0	0	0	0
0.0002046	0	9.4056	3.95473e+06	17.0955	0	0	0	0	0	0	0
0.0002048	0	9.4048	3.98637e+06	17.1243	0	0	0	0	0	0	0
0.000205	0	9.404	3.93985e+06	17.1527	0	0	0	0	0	0	0
0.0002052	0	9.4028	3.99422e+06	17.1811	0	0	0	0	0	0	0
0.0002054	0	9.402	3.97684e+06	17.2094	0	0	0	0	0	0	0
0.0002056	0	9.4008	3.99869e+06	17.2376	0	0	0	0	0	0	0
0.0002058	0	9.4	3.99202e+06	17.2657	0	0	0	0	0	0	0
0.000206	0	9.3988	4.01227e+06	17.2937	0	0	0	0	0	0	0
0.0002062	0	9.398	3.98944e+06	17.3216	0	0	0	0	0	0	0
0.0002064	0	9.3968	4.03092e+06	17.3493	0	0	0	0	0	0	0
0.0002066	0	9.3956	3.98365e+06	17.377	0	0	0	0	0	0	0
0.0002068	0	9.3948	4.03403e+06	17.4046	0	0	0	0	0	0	0
0.000207	0	9.3936	4.04035e+06	17.432	0	0	0	0	0	0	0
0.0002072	0	9.3924	3.98928e+06	17.4594	0	0	0	0	0	0	0
0.0002074	0	9.3916	4.04662e+06	17.4866	0	0	0	0	0	0	0
0.0002076	0	9.3904	4.06279e+06	17.5138	0	0	0	0	0	0	0
0.0002078	0	9.3892	4.04402e+06	17.5409	0	0	0	0	0	0	0
0.000208	0	9.3884	4.0147e+06	17.5678	0	0	0	0	0	0	0
0.0002082	0	9.3872	4.05911e+06	17.5947	0	0	0	0	0	0	0
0.0002084	0	9.386	4.08186e+06	17.6214	0	0	0	0	0	0	0
0.0002086	0	9.3848	4.08955e+06	17.6482	0	0	0	0	0	0	0
0.0002088	0	9.3836	4.08822e+06	17.6747	0	0	0	0	0	0	0
0.000209	0	9.3824	4.08248e+06	17.746	0.0165706	0.760419	0.0814565	0.389024	0.0345636	0.755919	0
0.0002092	0	9.3804	4.08503e+06	18.4015	0.15308	0.00916033	0.180263	0.0169708	0.121256	0.114869	0.166672
0.0002094	0	9.378	4.09933e+06	18.815	0.0621225	0.489957	0.298876	0.0668964	0.128345	0.286802	0
0.0002096	0	9.3756	4.095e+06	19.1122	0.142212	0.0211921	0.324258	0.00267909	0.228285	0.0319028	0.231585
0.0002098	0	9.3732	4.06281e+06	19.3571	0.128341	0.0598124	0.308216	0.116227	0.194659	0.0852663	0
0.00021	0	9.3704	4.06036e+06	19.5703	-0.0545744	0.614378	-0.0153878	0.808163	0.239362	0.0169658	0.239362
0.0002102	0	9.368	4.0951e+06	19.7616	0.184191	0.0178945	0.219327	0.0516774	0.246651	0.0178865	0.215421
0.0002104	0	9.3656	4.08252e+06	19.9369	0.0531742	0.715326	0.00827412	0.873478	0.0369093	0.660255	0
0.0002106	0	9.3628	4.04551e+06	20.0991	0.0837986	0.293801	0.208504	0.0552456	0.311252	0.00155829	0.311252
0.0002108	0	9.3604	4.09342e+06	20.2512	0.149813	0.0100792	0.216778	0.00358101	0.220807	0.0137762	0.195799
0.000211	0	9.358	4.06382e+06	20.3948	0.0811576	0.139356	0.116393	0.150824	0.14493	0.0911588	0
0.0002112	0	9.3552	4.07714e+06	20.5311	0.174828	0.010187	0.192755	0.00544788	0.0775063	0.0655782	0.183791
0.0002114	0	9.3528	4.08052e+06	20.661	0.166669	0.0638443	0.159992	0.0922545	0.0168479	0.828937	0
0.0002116	0	9.35	4.06444e+06	20.7856	0.0556176	0.390103	0.112188	0.0105575	0.0828996	0.203123	0.112188
0.0002118	0	9.3476	4.08053e+06	20.9052	0.0702696	0.350738	0.0673408	0.152592	0.112398	0.0718862	0
0.000212	0	9.3448	4.06901e+06	21.0206	0.0778856	0.256562	0.0166772	0.775004	0.0824216	0.15049	0
0.0002122	0	9.3424	4.06728e+06	21.132	-0.0449821	0.549203	0.0348153	0.732248	-0.127563	0.305576	0
0.0002124	0	9.3396	4.08323e+06	21.2399	0.0952141	0.0697085	0.0675732	0.241243	0.123546	0.0228023	0.123546
0.0002126	0	9.3372	4.025e+06	21.3446	0.0873271	0.118451	0.0574449	0.569863	0.0505697	0.4619	0
0.0002128	0	9.3344	4.08246e+06	21.4463	0.255741	0.000503256	0.154006	0.0280072	0.0244688	0.738418	0.204873
0.000213	0	9.3316	4.07419e+06	21.5453	-0.151819	0.215974	-0.204871	0.155356	-0.107423	0.171423	0
0.0002132	0	9.3292	4.02095e+06	21.6418	0.106372	0.258407	0.17538	0.0312673	0.14605	0.00214885	0.160715
0.0002134	0	9.3264	4.07208e+06	21.736	0.152827	0.0344876	-0.0604745	0.556523	-0.0682715	0.363132	0.152827
0.0002136	0	9.3236	4.08298e+06	21.8278	0.0438088	0.439896	0.0023449	0.968551	0.0678104	0.0601668	0
0.0002138	0	9.3208	4.06426e+06	21.9177	0.0288062	0.647563	-0.014135	0.847744	-0.126794	0.332967	0
0.000214	0	9.318	4.02572e+06	22.0057	0.0181874	0.724628	0.0835652	0.068659	0.047878	0.288863	0
0.0002142	0	9.3156	4.04398e+06	22.0918	0.0838274	0.206854	0.142052	0.0127653	0.131024	0.00688839	0.136538
0.0002144	0	9.3128	4.06612e+06	22.1762	0.0410172	0.44192	0.0333809	0.434801	0.068309	0.123048	0
0.0002146	0	9.31	4.07613e+06	22.2591	0.0874259	0.14473	0.0969102	0.0574965	0.118374	0.0809849	0
0.0002148	0	9.3072	4.07848e+06	22.3408	0.0097462	0.798191	-0.0175185	0.554448	0.0674497	0.0347976	0.0674497
0.000215	0	9.3044	4.07807e+06	22.4202	-0.00138364	0.978313	-0.07476	0.559152	0.077623	0.00698424	0.077623
0.0002152	0	9.3016	4.07625e+06	22.4988	0.157673	0.0542088	0.148704	0.122729	0.0465362	0.430804	0
0.0002154	0	9.2988	4.07532e+06	22.576	0.222155	0.00278369	0.145098	0.0308689	0.0287643	0.709889	0.183626
0.0002156	0	9.296	4.07528e+06	22.6519	0.184435	0.00959563	0.199362	0.00487307	0.124344	0.0297943	0.16938
0.0002158	0	9.2932	4.07531e+06	22.7268	0.16266	0.00435122	0.160308	0.0236425	0.114028	0.0484991	0.145665
0.000216	0	9.2904	4.07478e+06	22.8923	0.106638	0.0125764	0.118095	0.00338272	0.118418	0.00282935	0.114384
0.0002162	0	9.2884	4.0522e+06	23.2094	0.127022	0.035614	0.0747128	0.196327	0.12281	0.0451468	0.124916
0.0002164	0	9.286	4.04635e+06	23.3857	0.0935707	0.0520527	0.0699712	0.0685216	0.0847267	0.0355586	0.0847267
0.0002166	0	9.284	4.08153e+06	23.5263	0.110069	0.053047	0.0948605	0.0230147	0.0829629	0.106716	0.0948605
0.0002168	0	8.9424	3.09608e+06	35.1693	0.0201293	0.916137	-0.0151099	0.870074	-0.042416	0.836305	0
0.000217	0	8.9212	3.05604e+06	35.5495	0.0304078	0.902845	-0.012512	0.912292	0.0503295	0.800738	0
0.0002172	0	8.9112	3.0782e+06	36.0548	0.119474	0.540824	0.0635856	0.602125	0.104401	0.567469	0
0.0002174	0	8.9156	3.06069e+06	36.5204	0.0827515	0.566829	0.0365136	0.553386	0.0471011	0.681033	0
0.0002176	0	9.2728	4.08512e+06	24.1849	0.22655	0.000462183	0.21095	0.00380073	0.19116	0.0016075	0.209553
0.0002178	0	9.2704	4.04564e+06	24.3238	0.0646497	0.0801067	0.0553786	0.0305296	0.0413205	0.0496518	0.0483496
0.000218	0	9.2672	4.05646e+06	24.4652	0.0890395	0.0144433	0.085918	0.00235833	0.121409	0.000112985	0.0987888
0.0002182	0	9.2636	4.03805e+06	24.6091	0.17944	0.00193324	0.180384	0.002733	0.159673	0.00314235	0.173166
0.0002184	0	9.2628	4.04744e+06	24.7556	0.187089	0.00683098	0.190416	0.00221882	0.196866	0.0028303	0.191457
0.0002186	0	9.264	4.07527e+06	25.0022	0.22229	0.00167111	0.209466	0.00356621	0.246444	0.000419485	0.226067
0.0002188	0	9.2624	4.01075e+06	25.1577	0.235441	0.00189936	0.244253	0.00131452	0.243572	0.00125835	0.241089
0.000219	0	9.2616	3.99283e+06	25.3172	0.299243	0.00211709	0.294918	0.00208595	0.301065	0.000813993	0.298409
0.0002192	0	9.2668	3.39171e+06	25.4786	0.359299	0.000229775	0.36919	0.000106551	0.358337	0.000129234	0.362275
0.0002194	0	9.2648	3.87018e+06	25.6441	0.413058	0.000144867	0.402116	8.41196e-05	0.389944	5.9076e-05	0.401706
0.0002196	0	9.2592	3.5762e+06	25.8129	0.383845	7.65603e-05	0.368716	0.000154388	0.388365	0.000130356	0.380309
0.0002198	0	9.2556	3.28823e+06	25.9853	0.436611	2.06854e-05	0.447018	7.98423e-05	0.449265	2.16682e-05	0.444298
0.00022	0	9.2496	3.83517e+06	26.1847	0.361013	0.00077408	0.398048	0.00017446	0.386891	6.87426e-05	0.381984
0.0002202	0	9.2408	3.49975e+06	26.3649	0.353798	0.00105505	0.400372	0.000325474	0.375412	0.000786202	0.376527
0.0002204	0	9.2392	3.81321e+06	26.5486	0.447271	0.000607139	0.444225	0.00012173	0.438643	0.000237342	0.44338
0.0002206	0	9.2344	3.18192e+06	26.7378	0.456326	0.000150327	0.450491	6.81426e-05	0.448002	0.000402901	0.451606
0.0002208	0	9.2296	845698	43.8845	0.49969	0.00318696	0.48594	0.0129399	0.424757	0.000881421	0.470129
0.000221	0	8.8404	520440	44.2309	0.47442	0.0207152	0.475306	0.0681523	0.411958	0.023929	0.443189
0.0002212	0	9.222	495658	44.563	0.440532	0.0210822	0.422804	0.0945882	0.438399	0.0226799	0.439465
0.0002214	0	8.7404	703354	44.885	0.457547	0.0217564	0.413378	0.0601311	0.461623	0.00942977	0.459585
0.0002216	0	8.7244	606259	45.1958	0.292017	0.0526786	0.229718	0.325458	0.341194	0.0234541	0.341194
0.0002218	0	8.6948	545243	45.4947	0.459287	0.0389437	0.514881	0.0524718	0.563678	0.0126248	0.511483
0.000222	0	8.7352	498611	45.782	0.459527	0.0322471	0.502886	0.0418723	0.53194	0.017147	0.498118
0.0002222	0	8.7376	570203	46.0603	0.464336	0.0242392	0.45567	0.0658493	0.502214	0.0266534	0.483275
0.0002224	0	8.616	469508	46.326	0.389923	0.0239506	0.368297	0.0518343	0.470951	0.00961377	0.430437
0.0002226	0	8.6868	479597	46.5837	0.34293	0.0450654	0.226612	0.217305	0.387674	0.0213496	0.365302
0.0002228	0	8.8556	487762	46.8332	0.534545	0.0234502	0.480333	0.0173335	0.482894	0.0121136	0.499257
0.000223	0	8.9804	482669	47.072	0.617163	0.000844838	0.608889	0.00144082	0.550022	5.87842e-05	0.592025
0.0002232	0	8.7568	530572	47.3043	0.582069	0.0293602	0.576296	0.00668121	0.508824	0.00197389	0.55573
0.0002234	0	8.6812	684766	47.5262	0.306309	0.0461081	0.323338	0.00735341	0.360792	0.0104463	0.330146
0.0002236	0	6.3872	727230	47.745	0.507708	0.172408	0.49185	0.0260354	0.422138	0.16207	0.49185
0.0002238	0	8.5348	3.00251e+06	47.9548	0.0597063	0.685691	-0.0165816	0.775501	0.0297885	0.714348	0
0.000224	0	8.5144	3.06462e+06	47.9003	-0.00798229	0.960769	-0.1437	0.156728	-0.0603226	0.71629	0
0.0002242	0	8.4812	3.0586e+06	48.3496	-0.0912631	0.618787	-0.0551181	0.132525	-0.068628	0.559548	0
0.0002244	0	8.4376	3.08655e+06	47.9497	-0.121975	0.533674	-0.145779	0.152652	-0.0941385	0.393466	0
0.0002246	0	8.3852	3.07861e+06	45.5415	-0.014043	0.94859	-0.0462135	0.754154	0.0514014	0.753106	0
0.0002248	0	8.364	3.09057e+06	44.6586	0.0305415	0.921503	-0.0205299	0.885594	0.0647658	0.725891	0
0.000225	0	8.3472	3.09624e+06	45.0522	0.0374814	0.898882	-0.103355	0.637962	0.0448959	0.875837	0
0.0002252	0	8.3304	3.13627e+06	45.453	0.0102345	0.975315	-0.107934	0.594132	0.0813522	0.707759	0
0.0002254	0	8.3148	3.17167e+06	45.8566	0.0431177	0.876754	-0.0633716	0.718832	0.0415985	0.855064	0
0.0002256	0	8.3	3.18754e+06	46.2588	-0.0439184	0.84889	-0.111386	0.416392	0.039381	0.843518	0
0.0002258	0	8.2864	3.19696e+06	46.656	0.133507	0.515274	-0.0991958	0.645275	0.0280065	0.896101	0
0.000226	0	8.2736	3.21815e+06	47.0457	-0.0541585	0.780869	-0.118974	0.173089	0.0214578	0.780923	0
0.0002262	0	8.262	3.20787e+06	47.4242	-0.0280695	0.843339	-0.0150059	0.891358	0.00268108	0.986454	0
0.0002264	0	8.2516	3.23347e+06	47.7899	0.0408203	0.809758	-0.00372431	0.975043	0.0666556	0.450781	0
0.0002266	0	8.2424	3.28557e+06	48.141	-0.0748804	0.510816	0.101193	0.0276677	0.0533107	0.38417	0.101193
0.0002268	0	8.234	3.30274e+06	48.4769	0.107505	0.348502	-0.0431	0.614961	0.0345225	0.697227	0
0.000227	0	8.2264	3.30664e+06	48.7971	0.100048	0.0130003	-0.136847	0.210514	-0.0873863	0.292431	0.100048
0.0002272	0	8.22	3.28597e+06	49.1016	0.120468	0.00659265	0.0654641	0.439595	0.0955675	0.146851	0.120468
0.0002274	0	8.214	3.3069e+06	49.3906	-0.1637	0.208624	0.0416309	0.257838	0.129951	0.080475	0
0.0002276	0	8.2084	3.37409e+06	49.6652	-0.00182531	0.906408	-0.0329931	0.29217	0.00364429	0.801057	0
0.0002278	0	8.2036	3.39179e+06	49.9256	0.0267181	0.0797001	0.00216236	0.947189	0.0085295	0.741919	0
0.000228	0	8.1992	3.40726e+06	50.1728	0.158976	0.0620232	0.105292	0.0462869	0.0234662	0.539434	0.105292
0.0002282	0	8.1952	3.41184e+06	50.4073	0.0752621	0.0965823	0.149578	0.125133	0.0104381	0.291262	0
0.0002284	0	8.1916	3.42826e+06	50.6301	-0.000756057	0.984543	-0.0975332	0.34023	-0.113761	0.0619163	0
0.0002286	0	8.1884	3.4558e+06	50.842	0.0702981	0.000356892	0.0247345	0.34055	0.0444378	0.370645	0.0702981
0.0002288	0	8.1852	3.43382e+06	51.0437	-0.354555	0.101807	0.0357051	0.386978	-0.13912	0.12944	0
0.000229	0	8.1824	3.45501e+06	51.2352	-0.0668216	0.410586	-0.336642	0.0603378	0.0178951	0.590576	0
0.0002292	0	8.18	3.49163e+06	51.4179	0.0466467	0.0350574	0.00638989	0.742804	0.200648	0.0656329	0.0466467
0.0002294	0	8.1776	3.48379e+06	51.5921	-0.0999239	0.227536	0.00724873	0.825165	0.020371	0.337346	0
0.0002296	0	8.1752	3.51824e+06	51.7584	0.123455	0.0609919	0.00268603	0.953906	0.183906	0.00590014	0.183906
0.0002298	0	8.1728	3.53444e+06	51.9171	0.0555692	0.00776143	0.0456252	0.0162838	0.0705622	0.0242282	0.0572522
0.00023	0	8.1708	3.55437e+06	52.0689	-0.00110245	0.982098	0.0208441	0.83139	-0.0323925	0.629363	0
0.0002302	0	8.1688	3.55103e+06	52.2138	0.141862	0.0876809	-0.0845847	0.323898	0.0117069	0.58356	0
0.0002304	0	8.1668	3.56293e+06	52.3525	0.100334	0.00797818	0.0900245	0.0353701	0.10101	0.0715385	0.0951792
0.0002306	0	8.1648	3.58843e+06	52.4853	0.0753272	0.0519897	0.0495554	0.0660187	0.0515085	0.134994	0
0.0002308	0	8.1628	3.60974e+06	52.6123	-0.0109068	0.797863	0.0271637	0.475579	0.0906964	0.0305769	0.0906964
0.000231	0	8.1608	3.60347e+06	52.734	0.0800682	0.0803883	0.0593654	0.0465822	0.197339	0.00422102	0.128352
0.0002312	0	8.1592	3.583e+06	52.8504	-0.0370419	0.4581	0.0537164	0.160507	0.115964	0.00648171	0.115964
0.0002314	0	8.1572	3.6385e+06	52.962	0.186822	0.0321056	0.0747998	0.0593473	0.0493628	0.239865	0.186822
0.0002316	0	8.1552	3.65262e+06	53.0688	0.0629061	0.210131	-0.0455712	0.588004	-0.400808	0.0382161	-0.400808
0.0002318	0	8.1532	3.6288e+06	53.1711	0.0930568	0.100777	0.126035	0.101502	0.0931237	0.0161889	0.0931237
0.000232	0	8.1516	3.64181e+06	53.2689	0.108348	0.0248011	-0.0105375	0.868306	0.148973	0.0455806	0.128661
0.0002322	0	8.1496	3.67738e+06	53.3625	0.16672	0.00606835	0.256312	0.00605771	0.00134572	0.989087	0.211516
0.0002324	0	8.1476	3.69629e+06	53.452	-0.056951	0.578528	0.0354183	0.247279	0.0266397	0.373519	0
0.0002326	0	8.1456	3.70589e+06	53.5374	0.121154	0.0537979	-0.121986	0.272707	0.0771317	0.0695373	0
0.0002328	0	8.1436	3.70918e+06	53.619	0.0372877	0.407944	0.0530366	0.207786	0.037372	0.479522	0
0.000233	0	8.1416	3.6891e+06	53.6968	0.164309	0.00741592	0.0909414	0.0171545	0.233317	0.000758162	0.162856
0.0002332	0	8.1392	3.72404e+06	53.7707	0.0558928	0.329821	-0.189582	0.199758	0.159708	0.227294	0
0.0002334	0	8.1372	3.74129e+06	53.841	0.0586757	0.02742	0.084486	0.041383	0.136625	0.00282285	0.0932622
0.0002336	0	8.1348	3.75129e+06	53.9077	0.0603279	0.0976422	0.06901	0.0105622	0.0936065	0.015371	0.0813082
0.0002338	0	8.1324	3.72051e+06	53.9707	0.00993776	0.700564	0.0705101	0.0126282	0.102766	0.00187992	0.086638
0.000234	0	8.1304	3.72672e+06	54.0302	0.0768723	0.059443	0.0988658	0.0119918	0.0809672	0.118626	0.0988658
0.0002342	0	8.1276	3.74066e+06	54.0862	0.078825	0.0293483	0.0677388	0.0126552	0.0668176	0.503557	0.0732819
0.0002344	0	8.1252	3.79211e+06	54.1385	0.161124	0.0308112	0.236627	0.0119085	0.155242	0.0154254	0.184331
0.0002346	0	8.1228	3.7857e+06	54.1873	0.0753015	0.0570171	0.0676416	0.000568853	0.0124227	0.439528	0.0676416
0.0002348	0	8.12	3.81788e+06	54.2325	0.185065	0.00135918	0.118071	0.00802451	0.104598	0.0213375	0.135911
0.000235	0	8.1172	3.82097e+06	54.2741	0.127921	0.0396893	0.0982618	0.166227	0.0314363	0.614801	0.127921
0.0002352	0	8.1144	3.83463e+06	54.3121	0.232314	0.00168357	0.208616	0.0648205	0.0549064	0.739884	0.232314
0.0002354	0	8.1116	3.81445e+06	54.3463	0.146377	0.0162967	0.0783426	0.0349554	0.0590489	0.0698112	0.11236
0.0002356	0	8.1084	3.85085e+06	54.3767	0.10843	0.0244594	0.118926	0.0108271	0.0698109	0.170933	0.113678
0.0002358	0	8.1052	3.85402e+06	54.4033	0.0599929	0.0530449	0.0820305	0.0151555	0.0109763	0.82871	0.0820305
0.000236	0	8.102	3.86837e+06	54.4259	0.105642	0.0522188	0.0903576	0.00651998	0.0542493	0.0329694	0.0723034
0.0002362	0	8.0988	3.83362e+06	54.4443	0.128412	0.00648604	0.0835318	0.131716	-0.00640781	0.902617	0.128412
0.0002364	0	8.0952	3.87945e+06	54.4585	-0.0545966	0.443501	0.0685109	0.00433304	0.0857661	0.0281642	0.0771385
0.0002366	0	8.0916	3.88236e+06	54.4683	0.0536017	0.0278543	0.0536577	0.0207224	0.080806	0.000845494	0.0626885
0.0002368	0	8.0876	3.86445e+06	54.4734	0.151289	0.0600819	0.161458	0.0342507	0.256585	0.002921	0.209021
0.000237	0	8.084	3.87513e+06	54.4737	-0.0162531	0.798817	0.0573354	0.173102	0.0677209	0.00767487	0.0677209
0.0002372	0	8.08	3.85491e+06	54.4689	0.179567	0.0253633	0.0261987	0.466169	0.077437	0.027414	0.128502
0.0002374	0	8.0756	3.92497e+06	54.4587	0.198037	0.0169162	0.108052	0.105721	0.108536	0.0266281	0.153286
0.0002376	0	8.0712	3.92775e+06	54.4428	0.0549925	0.0295556	0.0213011	0.426183	0.0739581	0.0428802	0.0644753
0.0002378	0	8.0668	3.91856e+06	54.4205	0.123766	0.00402013	0.0884812	0.0209718	0.0768579	0.0226111	0.0963684
0.000238	0	8.062	3.94214e+06	54.3918	0.0904299	0.482774	-0.140885	0.191068	0.12496	0.24633	0
0.0002382	0	8.0572	3.91771e+06	54.3558	0.113676	0.122777	0.10201	0.093249	0.0949748	0.0552664	0
0.0002384	0	8.052	3.94812e+06	54.3121	0.0763162	0.108606	-0.00269608	0.969932	0.205359	0.00964825	0.205359
0.0002386	0	8.0468	3.90771e+06	54.2598	0.129105	0.00285202	0.160485	0.0365574	0.171244	0.00947042	0.153611
0.0002388	0	8.0412	3.93444e+06	54.198	0.0319907	0.380482	0.00726318	0.846414	-0.0121572	0.853657	0
0.000239	0	8.0352	3.95503e+06	54.1258	0.0629203	0.048014	0.0682282	0.0836901	0.119886	0.00212501	0.0914032
0.0002392	0	8.0292	3.96544e+06	54.0419	0.0777625	0.0312214	0.0258061	0.739989	0.105073	0.0120754	0.0914177
0.0002394	0	8.0228	3.9423e+06	53.9443	0.101903	0.00347147	0.0542206	0.126918	0.0655093	0.174519	0.101903
0.0002396	0	8.0164	3.97091e+06	53.8314	0.123422	0.0901712	-0.0578318	0.433257	0.0723457	0.187348	0
0.0002398	0	8.0096	3.95267e+06	53.7007	0.104058	0.0238046	0.0282484	0.586308	0.0829698	0.031808	0.0935139
0.00024	0	8.0024	3.9634e+06	53.5488	0.0344643	0.463581	-0.0137181	0.790884	0.0372452	0.354551	0
0.0002402	0	7.9948	3.96975e+06	53.3714	0.16052	0.0211243	0.0252806	0.802609	-0.0271734	0.620042	0.16052
0.0002404	0	7.9872	3.94882e+06	53.1626	0.175813	0.0116016	0.11881	0.0189991	0.0956707	0.0198675	0.130098
0.0002406	0	7.9792	3.93373e+06	52.9139	0.188048	0.00357193	0.0602079	0.385758	0.116518	0.00341276	0.152283
0.0002408	0	7.9708	3.9443e+06	52.6127	0.0548821	0.467162	0.0841694	0.151688	0.0629144	0.233421	0
0.000241	0	7.9628	3.90024e+06	52.2379	0.144349	0.18065	0.0487714	0.549537	0.13837	0.0834698	0
0.0002412	0	7.9548	3.91568e+06	51.7506	0.118667	0.416938	0.175153	0.0149965	0.0534356	0.459766	0.175153
0.0002414	0	7.9484	3.83128e+06	51.0617	0.123997	0.0240115	0.0108704	0.870948	0.0788712	0.0365076	0.101434
0.0002416	0	7.95	3.82477e+06	49.7788	0.317462	0.0271569	0.00961248	0.951111	0.174571	0.0831068	0.317462
0.0002418	0	5.9764	3.2834e+06	56.3068	0.358177	0.205527	0.312196	0.204426	0.396014	0.232262	0
0.000242	0	8.142	1.24594e+06	56.4531	0.441183	0.132275	0.627804	0.0203263	0.355627	0.198621	0.627804
0.0002422	0	8.1332	3.58934e+06	55.68	-0.150182	0.518604	0.159773	0.429585	0.228737	0.04697	0.228737
0.0002424	0	8.1896	1.4852e+06	56.5677	0.228751	0.0872274	0.441816	0.0591827	0.356338	0.0135434	0.356338
0.0002426	0	8.18	1.51917e+06	56.6218	0.384633	0.0340464	0.434417	0.125752	0.57557	0.00522962	0.480102
0.0002428	0	8.2608	3.75739e+06	56.4004	0.117586	0.548098	-0.207387	0.235831	-0.0479939	0.338238	0
0.000243	0	8.3096	784731	56.734	0.256794	0.127885	0.328013	0.00580501	0.276196	0.0243466	0.302104
0.0002432	0	8.242	3.90535e+06	54.2533	0.211763	0.437719	-0.0352461	0.537903	0.224084	0.0322788	0.224084
0.0002434	0	8.2672	3.92045e+06	54.5891	0.170425	0.569491	-0.165136	0.528133	0.322565	0.0616885	0
0.0002436	0	8.3184	960121	56.896	0.437346	0.00364824	0.336543	0.00926095	0.54215	0.00156044	0.43868
0.0002438	0	8.334	978638	56.9511	0.892149	0.0381082	0.88854	0.0425724	0.481787	0.266131	0.890344
0.000244	0	8.0888	3.90946e+06	51.4622	-0.0466542	0.715147	0.173502	0.0943729	0.0321717	0.821728	0
0.0002442	0	8.0916	3.95509e+06	52.9133	-0.257867	0.128427	0.103504	0.277854	-0.135161	0.438186	0
0.0002444	0	8.1	4.02381e+06	54.0674	-0.240264	0.102454	0.158178	0.0868069	-0.0851166	0.571566	0
0.0002446	0	8.1052	4.04583e+06	54.7988	-0.148968	0.149655	0.0773996	0.353141	-0.112064	0.43161	0
0.0002448	0	8.104	4.0288e+06	55.2207	-0.259053	0.103603	0.126704	0.0367656	-0.1223	0.363525	0.126704
0.000245	0	8.096	4.008e+06	55.3913	-0.296466	0.00734042	-0.0177306	0.754783	-0.216807	0.125034	-0.296466
0.0002452	0	8.0796	3.99734e+06	55.3099	-0.280955	0.00809877	-0.0124792	0.860753	-0.218969	0.114838	-0.280955
0.0002454	0	8.0532	4.00512e+06	54.893	-0.237696	0.0639903	0.00118432	0.989431	-0.188912	0.156356	0
0.0002456	0	8.0124	3.9408e+06	53.7555	-0.331117	0.0743558	0.0314007	0.681161	-0.139732	0.20337	0
0.0002458	0	8.0948	1.14038e+06	57.4699	0.520784	0.004721	0.685163	0.00634099	0.792232	0.000295311	0.66606
0.000246	0	8.1512	1.51024e+06	57.5212	0.0291818	0.766711	0.122404	0.113233	0.0807116	0.137425	0
0.0002462	0	8.2516	677134	57.5707	0.855785	0.00251758	0.85279	0.00353755	0.872409	0.011374	0.860328
0.0002464	0	8.1412	3.70248e+06	56.4055	-0.0695184	0.487422	0.0629292	0.5851	0.112098	0.342392	0
0.0002466	0	8.1276	3.62957e+06	57.5904	-0.284405	0.0233647	-0.295885	0.0602769	-0.0859994	0.404024	-0.284405
0.0002468	0	5.3648	3.63989e+06	57.3772	-0.295104	0.082208	-0.14316	0.0810703	-0.239159	0.148355	0
0.000247	0	5.2688	3.76099e+06	56.0002	-0.225021	0.197672	-0.0959682	0.214193	-0.248779	0.137189	0
0.0002472	0	5.134	3.88915e+06	52.9294	-0.1725	0.160489	-0.349369	0.0660964	-0.344087	0.161485	0
0.0002474	0	5.0304	4.00071e+06	47.2625	0.0786209	0.826721	0.0643949	0.0610376	-0.0783602	0.804571	0
0.0002476	0	5.0104	4.03486e+06	47.98	0.0654144	0.849707	0.108273	0.0232684	0.0265083	0.920417	0.108273
0.0002478	0	4.9936	4.09855e+06	48.6872	0.0346362	0.911371	0.0174024	0.123325	-0.098716	0.733956	0
0.000248	0	4.9804	4.15097e+06	49.3603	-0.00245991	0.991547	0.0407096	0.0143777	-0.0355441	0.8652	0.0407096
0.0002482	0	4.9696	4.22087e+06	49.9832	0.0183729	0.914498	0.0573163	0.0266486	-0.0223251	0.905329	0.0573163
0.0002484	0	4.9616	4.24064e+06	50.5494	0.0853532	0.569541	0.00737655	0.909212	0.00180216	0.985314	0
0.0002486	0	4.956	4.30784e+06	51.0605	-0.0807648	0.196251	0.0307067	0.704572	-0.083318	0.527994	0
0.0002488	0	4.9516	4.33475e+06	51.5225	0.0569408	0.311915	-0.0193118	0.634641	0.0634048	0.267005	0
0.000249	0	4.948	4.38658e+06	51.9419	-0.00187783	0.959528	-0.00111703	0.975491	0.00317541	0.920587	0
0.0002492	0	4.9456	4.43012e+06	52.3221	0.0407366	0.196862	0.0301099	0.182724	0.038991	0.146898	0
0.0002494	0	4.944	4.47915e+06	52.6706	0.0656065	0.21224	0.0475223	0.0104736	0.0389688	0.283764	0.0475223
0.0002496	0	4.9428	4.45238e+06	52.9903	0.192808	0.0413846	0.0845331	0.0183828	0.0214516	0.742995	0.138671
0.0002498	0	4.9416	4.5324e+06	53.2866	0.106028	0.341006	0.0473983	0.29467	0.0201365	0.583133	0
0.00025	0	4.9408	4.50687e+06	53.5619	0.0108575	0.81066	-0.047186	0.289947	-0.0742938	0.329841	0
0.0002502	0	4.9404	4.57201e+06	53.8178	-0.0882235	0.290034	0.122471	0.217147	-0.0558293	0.512923	0
0.0002504	0	4.94	4.56113e+06	54.0581	-0.0100068	0.923991	0.0799801	0.0617524	0.0853761	0.42723	0
0.0002506	0	4.94	4.62368e+06	54.2843	0.0478745	0.699889	0.0703534	0.25053	-0.0351493	0.527768	0
0.0002508	0	4.94	4.57981e+06	54.4976	-0.22911	0.249849	0.0429331	0.189843	0.0198663	0.841928	0
0.000251	0	4.9396	4.63244e+06	54.6998	0.0357534	0.638954	0.092807	0.00859336	0.0159204	0.862848	0.092807
0.0002512	0	4.9396	4.66398e+06	54.8919	-0.301105	0.166725	0.122918	0.0798694	0.0377045	0.711187	0
0.0002514	0	4.9396	4.68141e+06	55.0745	0.0754323	0.497353	0.0623989	0.0465948	0.0291957	0.766621	0.0623989
0.0002516	0	4.9396	4.69041e+06	55.249	0.126996	0.238973	0.0466245	0.0175031	0.119014	0.283161	0.0466245
0.0002518	0	4.9396	4.69261e+06	55.4161	0.152169	0.152868	0.0166389	0.784339	0.0334717	0.795503	0
0.000252	0	4.9396	4.69057e+06	55.5764	-0.0302358	0.645645	0.00164023	0.960104	-0.0221957	0.811052	0
0.0002522	0	4.94	4.69155e+06	55.7301	0.109574	0.139749	-0.0474254	0.634226	-0.0160134	0.859255	0
0.0002524	0	4.94	4.71767e+06	55.8785	0.0840057	0.372151	0.0242994	0.319314	0.0176199	0.848239	0
0.0002526	0	4.94	4.73425e+06	56.0214	0.064681	0.230798	0.00903144	0.684888	0.0269772	0.796996	0
0.0002528	0	4.94	4.73926e+06	56.1593	0.151198	0.159285	0.0621991	0.0825822	0.0121958	0.876545	0
0.000253	0	4.9396	4.7639e+06	56.2926	0.00992404	0.76155	-0.0618431	0.0145675	-0.00809825	0.932502	-0.0618431
0.0002532	0	4.9396	4.80756e+06	56.4217	0.0511272	0.372444	0.123433	0.00120662	0.0759468	0.462604	0.123433
0.0002534	0	4.9396	4.84707e+06	56.5469	-0.206375	0.0578088	0.0569362	0.257092	0.0523774	0.506423	0
0.0002536	0	4.9396	4.86373e+06	56.6683	0.0948325	0.100912	0.0472167	0.406629	0.0637575	0.347954	0
0.0002538	0	4.9396	4.83125e+06	56.7864	0.059395	0.365378	0.130934	0.0190195	0.201804	0.0187243	0.166369
0.000254	0	4.9392	4.8717e+06	56.9011	0.0634002	0.472464	-0.0540928	0.449483	-0.0324203	0.561486	0
0.0002542	0	4.9392	4.8966e+06	57.0128	0.00335997	0.968742	0.0361366	0.42289	0.071491	0.373721	0
0.0002544	0	4.9388	4.87454e+06	57.1218	0.0562645	0.40455	0.117829	0.0338105	0.0656862	0.508015	0.117829
0.0002546	0	4.9388	4.91739e+06	57.2279	0.352305	0.00318569	-0.00260876	0.975499	0.0547606	0.511948	0.352305
0.0002548	0	4.9384	4.92746e+06	57.3316	-0.0699335	0.272128	0.165891	0.00884738	0.152811	0.240483	0.165891
0.000255	0	4.9384	4.88131e+06	57.4327	0.0446874	0.455174	0.0127355	0.539179	-0.0886463	0.338493	0
0.0002552	0	4.938	4.95079e+06	57.5317	0.0828074	0.256912	0.0753606	0.127509	0.0356879	0.675061	0
0.0002554	0	4.9376	4.9776e+06	57.6284	0.20846	0.104353	0.242612	0.00726943	-0.0035746	0.962506	0.242612
0.0002556	0	4.9372	4.98635e+06	57.7231	0.0599334	0.335835	0.0457039	0.146271	-0.00106819	0.988774	0
0.0002558	0	4.9368	4.99308e+06	57.8157	0.0641238	0.160226	0.0276415	0.320725	-0.0248556	0.563834	0
0.000256	0	4.9364	5.00537e+06	57.9066	-0.0880589	0.373948	0.182718	0.0880386	-0.0734677	0.344492	0
0.0002562	0	4.936	5.02233e+06	57.9956	-0.108279	0.260881	-0.11715	0.167844	-0.0889926	0.0896106	0
0.0002564	0	4.9356	5.03552e+06	58.0829	0.0574358	0.467089	-0.106279	0.0205366	0.0152299	0.8203	-0.106279
0.0002566	0	4.9352	5.02549e+06	58.1686	0.0477471	0.415792	-0.00230532	0.939155	0.0573386	0.426148	0
0.0002568	0	4.9344	4.97832e+06	58.2527	0.102337	0.362941	0.194489	0.0130113	0.309446	0.0518035	0.194489
0.000257	0	4.934	5.06029e+06	58.3354	0.0279528	0.328195	0.136053	0.00279476	0.176593	0.0787429	0.136053
0.0002572	0	4.9336	5.06154e+06	58.4166	0.228763	0.00694841	0.136262	0.103388	0.124697	0.0350415	0.17673
0.0002574	0	4.9328	5.06068e+06	58.4965	0.0875222	0.114943	0.0278027	0.566741	0.0377073	0.557506	0
0.0002576	0	4.9324	5.0866e+06	58.5749	-0.0890403	0.332102	0.0613841	0.113538	0.0655172	0.379735	0
0.0002578	0	4.9316	5.09792e+06	58.6521	0.0958253	0.101611	0.0556365	0.0465029	-0.0140435	0.830909	0.0556365
0.000258	0	4.9312	5.05578e+06	58.7281	0.0467154	0.492336	0.0468865	0.176069	0.00576609	0.930636	0
0.0002582	0	4.9304	5.12611e+06	58.803	-0.0285665	0.631068	-0.120285	0.170681	-0.0286974	0.684679	0
0.0002584	0	4.9296	5.14434e+06	58.8766	-0.0112651	0.855488	0.0023701	0.936944	-0.0204117	0.761061	0
0.0002586	0	4.9288	5.13706e+06	58.9491	0.0300286	0.656711	-0.069557	0.278714	0.0156881	0.790739	0
0.0002588	0	4.928	5.12469e+06	59.0206	-0.00390949	0.961667	-0.0555291	0.279663	0.0464583	0.458992	0
0.000259	0	4.9272	5.12269e+06	59.0912	-0.03874	0.403294	0.00464235	0.667467	-0.0320846	0.688575	0
0.0002592	0	4.9264	5.13733e+06	59.1606	0.113966	0.118554	0.0913257	0.00236468	-0.0155241	0.813319	0.0913257
0.0002594	0	4.9256	5.16597e+06	59.2291	0.0452825	0.357296	0.0800869	0.0128763	-0.0227253	0.675781	0.0800869
0.0002596	0	4.9248	5.1983e+06	59.2967	-0.0370414	0.477042	-0.0177596	0.232553	0.00193512	0.963836	0
0.0002598	0	4.924	5.21758e+06	59.3634	0.0791495	0.150003	0.104165	0.0283234	0.0062462	0.906547	0.104165
0.00026	0	4.9232	5.20527e+06	59.4292	0.168382	0.0587907	0.182952	0.0120806	0.0603856	0.609434	0.182952
0.0002602	0	4.922	5.17594e+06	59.4943	0.0656715	0.259259	0.025231	0.0212128	-0.00222323	0.971225	0.025231
0.0002604	0	4.9212	5.24851e+06	59.5584	-0.0964923	0.440323	0.0651844	0.136476	0.0235649	0.701922	0
0.0002606	0	4.9204	5.2136e+06	59.6218	0.16265	0.0260371	0.0674924	0.162911	0.0754941	0.147168	0.16265
0.0002608	0	4.9192	5.26025e+06	59.6844	-0.0436041	0.530299	0.099913	0.0433866	0.00347958	0.952735	0.099913
0.000261	0	4.9184	5.23019e+06	59.7462	0.0845834	0.0176638	-0.0371225	0.523139	0.0687023	0.27217	0.0845834
0.0002612	0	4.9172	5.28799e+06	59.8073	-0.0506155	0.236249	-0.146884	0.132604	0.0311569	0.551689	0
0.0002614	0	4.916	5.24993e+06	59.8677	0.235491	0.0173019	0.116453	0.0547323	0.288638	0.110462	0.235491
0.0002616	0	4.9152	5.26951e+06	59.9273	0.0303765	0.505901	0.0331247	0.0383645	-0.0137929	0.82005	0.0331247
0.0002618	0	4.914	5.31533e+06	59.9864	0.091182	0.277617	0.201505	0.0408172	-0.0333478	0.626516	0.201505
0.000262	0	4.9128	5.32493e+06	60.0447	0.243773	0.0077157	0.268842	0.000197905	0.30885	0.00106349	0.273822
0.0002622	0	4.9116	5.32442e+06	60.1024	0.168608	0.023388	0.353759	0.0741898	-0.0476305	0.78134	0.168608
0.0002624	0	4.9104	5.32339e+06	60.1595	0.0460816	0.312745	0.181416	0.023189	0.257305	0.111584	0.181416
0.0002626	0	4.9092	5.32898e+06	60.216	0.0859766	0.0495684	0.064715	0.456486	-0.0707029	0.727209	0.0859766
0.0002628	0	4.908	5.3478e+06	60.2718	0.049999	0.472736	0.0274303	0.335143	0.0151142	0.781822	0
0.000263	0	4.9068	5.37041e+06	60.3272	0.116041	0.183611	-0.098114	0.118291	0.00326715	0.950159	0
0.0002632	0	4.9056	5.38422e+06	60.3818	0.0410153	0.23481	0.0282508	0.210156	0.0283335	0.518232	0
0.0002634	0	4.9044	5.37692e+06	60.436	0.153258	0.0567311	0.018347	0.742032	-0.0565707	0.500834	0
0.0002636	0	4.9032	5.31919e+06	60.4896	0.043407	0.322796	0.0499534	0.162859	0.036205	0.399629	0
0.0002638	0	4.9016	5.40052e+06	60.5427	0.243255	0.0810998	0.0872113	0.0191045	0.105831	0.42733	0.0872113
0.000264	0	4.9004	5.41297e+06	60.5953	0.0466751	0.208002	0.0892567	0.0119497	0.140578	0.0939613	0.0892567
0.0002642	0	4.8988	5.37831e+06	60.6473	0.0741348	0.030325	0.113282	0.026843	0.0438159	0.172966	0.0937084
0.0002644	0	4.8976	5.44002e+06	60.6988	0.0545073	0.29003	0.415759	0.00417646	0.162049	0.157566	0.415759
0.0002646	0	4.896	5.40418e+06	60.7498	-0.00180909	0.981611	0.242432	0.0490549	-0.0309809	0.594443	0.242432
0.0002648	0	4.8948	5.44446e+06	60.8004	-0.0130581	0.820426	0.0259346	0.407583	0.0408996	0.304847	0
0.000265	0	4.8932	5.46596e+06	60.8505	0.0736374	0.272526	-0.0407734	0.615002	0.0889467	0.186433	0
0.0002652	0	4.8916	5.41145e+06	60.9001	0.21068	0.195188	0.245476	0.0110761	0.183842	0.0110164	0.214659
0.0002654	0	4.8904	5.45673e+06	60.9493	0.0510575	0.250396	0.054488	0.0603727	0.0276283	0.501958	0
0.0002656	0	4.8888	5.49825e+06	60.998	0.159823	0.0090105	0.182765	0.00387095	0.109118	0.427283	0.171294
0.0002658	0	4.8872	5.51119e+06	61.0463	0.035689	0.575244	0.144468	0.036277	0.0632851	0.128315	0.144468
0.000266	0	4.8856	5.51872e+06	61.0941	-0.0288777	0.836062	-0.147227	0.331026	-0.114844	0.0726554	0
0.0002662	0	4.884	5.52268e+06	61.1415	-0.0326483	0.521098	0.053136	0.0352073	0.0318773	0.360621	0.053136
0.0002664	0	4.8824	5.53609e+06	61.1885	0.0672423	0.0635424	0.0254514	0.236532	0.00193571	0.942608	0
0.0002666	0	4.8808	5.54832e+06	61.2351	0.0447844	0.145957	0.0416332	0.142914	0.0410982	0.214505	0
0.0002668	0	4.8792	5.55645e+06	61.2813	0.0205337	0.288954	0.0355515	0.000170907	0.0100358	0.727835	0.0355515
0.000267	0	4.8776	5.54188e+06	61.327	0.0400057	0.0536718	-0.0606149	0.314242	0.14711	0.0149069	0.14711
0.0002672	0	4.8756	5.49025e+06	61.3725	0.0415372	0.121675	0.145368	0.0286865	0.0726067	0.0897408	0.145368
0.0002674	0	4.874	5.5737e+06	61.4174	0.0397525	0.126308	0.138505	0.0373443	-0.0340051	0.624212	0.138505
0.0002676	0	4.8724	5.58676e+06	61.4621	-0.0832254	0.417775	-0.0419271	0.779993	-0.13471	0.0545306	0
0.0002678	0	4.8704	5.53301e+06	61.5063	0.317354	0.0557996	0.253898	0.010682	0.0984713	0.0346334	0.176185
0.000268	0	4.8688	5.61329e+06	61.5501	-0.108134	0.162338	0.27576	0.00574932	0.0909745	0.0504123	0.27576
0.0002682	0	4.8668	5.5401e+06	61.5936	0.0695813	0.604551	0.0434593	0.0327092	0.0759844	0.397835	0.0434593
0.0002684	0	4.8652	5.62858e+06	61.6368	0.0719999	0.0868589	0.0478319	0.0149803	0.16939	0.144137	0.0478319
0.0002686	0	4.8632	5.61098e+06	61.6796	0.137398	0.0200884	0.279518	0.00546045	0.121531	0.152293	0.208458
0.0002688	0	4.8616	5.59487e+06	61.722	0.0419646	0.821315	0.0305133	0.0963816	-0.00160794	0.899347	0
0.000269	0	4.8596	5.65573e+06	61.7641	0.0623074	0.0726486	0.0560522	0.109321	0.134621	0.0767893	0
0.0002692	0	4.8576	5.66577e+06	61.8058	-0.00971777	0.911969	0.055133	0.0754419	-0.0375916	0.0865788	0
0.0002694	0	4.8556	5.65621e+06	61.8472	0.0586588	0.153476	0.0871704	0.128143	0.0532912	0.211123	0
0.0002696	0	4.8536	5.6414e+06	61.8882	0.296329	0.0315823	0.219674	0.015744	-0.0467841	0.187896	0.258001
0.0002698	0	4.8516	5.63699e+06	61.929	0.0930587	0.51791	-0.133022	0.313087	0.246261	0.00454838	0.246261
0.00027	0	4.8496	5.6515e+06	61.9694	0.232121	0.0403319	0.258746	0.030331	0.135243	0.080493	0.245433
0.0002702	0	4.8476	5.67766e+06	62.0094	0.0354441	0.213806	0.127154	0.14019	-0.0114354	0.805335	0
0.0002704	0	4.8456	5.7137e+06	62.0492	-0.071079	0.380413	0.00132737	0.982869	0.0821188	0.442905	0
0.0002706	0	4.8436	5.73545e+06	62.0886	0.138306	0.083991	0.0284469	0.0445384	-0.00847811	0.653748	0.0284469
0.0002708	0	4.8416	5.72922e+06	62.1277	0.133118	0.105874	-0.0874481	0.396768	0.0565878	0.036693	0.0565878
0.000271	0	4.8392	5.6642e+06	62.1665	0.0439047	0.120327	0.314659	0.0280612	0.0460891	0.402016	0.314659
0.0002712	0	4.8372	5.75651e+06	62.2049	0.0652782	0.000490096	0.0472639	0.0548551	0.101281	0.161839	0.0652782
0.0002714	0	4.8352	5.74599e+06	62.2431	0.0317069	0.0370595	0.079715	0.000245988	0.0756113	0.00312075	0.0623444
0.0002716	0	4.8328	5.755e+06	62.281	-0.087372	0.452544	-0.119405	0.237651	-0.0174613	0.694416	0
0.0002718	0	4.8308	5.76481e+06	62.3185	0.0379834	0.0730045	-0.00768773	0.925935	0.068377	0.0959813	0
0.000272	0	4.8284	5.79085e+06	62.3558	0.0358822	0.108348	0.0514618	0.00587747	0.0241702	0.169645	0.0514618
0.0002722	0	4.8264	5.71397e+06	62.3927	-0.192772	0.0651246	0.0180433	0.468221	-0.00280299	0.867458	0
0.0002724	0	4.824	5.80356e+06	62.4293	0.22699	0.0484768	-0.0622396	0.361002	-0.00992826	0.870623	0.22699
0.0002726	0	4.8216	5.82501e+06	62.4657	0.0332902	0.800633	0.0249947	0.072679	0.0278453	0.0191952	0.0278453
0.0002728	0	4.8192	5.81902e+06	62.5017	0.032585	0.0788816	0.0406451	0.0155672	0.101383	0.0814655	0.0406451
0.000273	0	4.8168	5.80426e+06	62.5375	0.0791879	0.0177005	0.0638091	0.0494802	0.096859	0.0398914	0.079952
0.0002732	0	4.8144	5.79633e+06	62.5729	0.0702481	0.0250816	0.049408	0.0501436	0.0468139	0.0179975	0.058531
0.0002734	0	4.812	5.80954e+06	62.6081	-0.1936	0.0587829	0.0296399	0.0367189	0.038296	0.110985	0.0296399
0.0002736	0	4.8096	5.83736e+06	62.643	0.00642498	0.767718	0.0508113	0.000110834	0.0469278	0.00266462	0.0488695
0.0002738	0	4.8072	5.87052e+06	62.6776	0.0319858	0.0300928	0.0372141	0.0374238	0.208721	0.0394103	0.0926403
0.000274	0	4.8048	5.89425e+06	62.7119	0.293132	0.0253809	0.252985	0.0214031	0.0643649	0.0960658	0.273058
0.0002742	0	4.8024	5.87552e+06	62.7459	0.0204967	0.636572	0.231457	0.028083	0.00267537	0.96564	0.231457
0.0002744	0	4.7996	5.84443e+06	62.7796	-0.0328791	0.633086	0.103053	0.0559372	0.0726954	0.00246085	0.0726954
0.0002746	0	4.7972	5.91919e+06	62.813	-0.113894	0.072891	0.117364	0.0117225	-0.0438783	0.353209	0.117364
0.0002748	0	4.7948	5.86214e+06	62.8462	0.0970676	0.0768746	0.153087	0.0689231	0.0839403	0.0287707	0.0839403
0.000275	0	4.792	5.93573e+06	62.879	0.232161	0.0124598	-0.199546	0.290305	0.0611308	0.141685	0.232161
0.0002752	0	4.7892	5.85204e+06	62.9116	0.0230735	0.191259	0.0864326	0.0843586	0.000154411	0.995936	0
0.0002754	0	4.7868	5.94624e+06	62.9439	0.0383266	0.0395764	0.0331524	0.00896436	0.0577637	0.00528031	0.0430809
0.0002756	0	4.784	5.95794e+06	62.9759	0.0210347	0.292222	0.0708819	0.0450626	-0.00289243	0.893738	0.0708819
0.0002758	0	4.7812	5.92314e+06	63.0076	0.214491	0.0186555	0.136586	0.0555301	0.118643	0.000351429	0.166567
0.000276	0	4.7788	5.885e+06	63.039	0.0177968	0.0061932	0.0366468	0.128814	0.0306982	0.0519524	0.0177968
0.0002762	0	4.776	5.92588e+06	63.0701	0.169344	0.0690875	0.0627027	0.605922	-0.032318	0.671939	0
0.0002764	0	4.7732	5.93979e+06	63.101	-0.0620175	0.270655	0.0981799	0.142344	-0.094676	0.574422	0
0.0002766	0	4.7704	5.9302e+06	63.1315	-0.0595106	0.0683964	0.0208868	0.260586	0.0627386	0.181177	0
0.0002768	0	4.7672	5.94862e+06	63.1618	0.0913175	0.261944	0.0632045	0.00237563	0.0945133	0.00220292	0.0788589
0.000277	0	4.7644	6.00875e+06	63.1918	-0.048576	0.755733	-0.0929679	0.329747	0.118776	0.137528	0
0.0002772	0	4.7616	6.03879e+06	63.2215	0.0610941	0.00725224	-0.15095	0.0677405	0.0358035	0.0624723	0.0610941
0.0002774	0	4.7588	5.98972e+06	63.2508	0.194818	0.256091	0.146175	0.0790636	-0.0346037	0.841132	0
0.0002776	0	4.7556	6.03994e+06	63.2799	0.035523	0.217736	0.0398072	0.155043	0.0398469	0.182329	0
0.0002778	0	4.7528	6.02958e+06	63.3087	0.058852	0.0216347	0.0657204	0.424823	-0.0321136	0.249459	0.058852
0.000278	0	4.7496	6.06314e+06	63.3372	-0.120736	0.0401873	-0.111452	0.0969064	0.0766458	0.0517128	-0.120736
0.0002782	0	4.7468	5.98291e+06	63.3654	0.0426222	0.0113043	0.0512906	0.0129751	0.0430547	0.0255296	0.0456558
0.0002784	0	4.7436	6.07191e+06	63.3934	0.0590355	0.0182875	0.0702695	0.00210543	0.00864603	0.718027	0.0646525
0.0002786	0	4.7404	6.09995e+06	63.421	0.0691107	0.00207971	0.0451051	0.0193498	0.0333582	0.0363878	0.0491913
0.0002788	0	4.7372	6.1038e+06	63.4482	0.0266483	0.308451	0.0247593	0.159493	0.0539955	0.139843	0
0.000279	0	4.734	6.10723e+06	63.4752	0.000454184	0.996615	-0.0487359	0.454855	0.0331292	0.223287	0
0.0002792	0	4.7308	6.12003e+06	63.5019	0.0153692	0.560087	0.0247701	0.0137661	-0.0369126	0.110289	0.0247701
0.0002794	0	4.7276	6.13599e+06	63.5283	0.0660416	0.0103217	0.0694567	0.00389285	0.076954	0.0119897	0.0708174
0.0002796	0	4.7244	6.12661e+06	63.5543	0.0779869	0.0265968	0.0373514	0.156145	0.0149544	0.373569	0.0779869
0.0002798	0	4.7212	6.05588e+06	63.5801	0.0345885	0.146376	0.0131571	0.596578	0.0469671	0.433155	0
0.00028	0	4.7176	6.15738e+06	63.6055	0.284445	0.0363919	0.18677	0.0649872	0.0318656	0.397759	0.284445
0.0002802	0	4.7144	6.12856e+06	63.6305	0.032203	0.136063	0.150468	0.0491443	0.025217	0.20233	0.150468
0.0002804	0	4.7108	6.17484e+06	63.6553	0.163309	0.182457	0.048383	0.667569	0.0389361	0.402027	0
0.0002806	0	4.7072	6.09381e+06	63.6797	0.064546	0.000641716	0.0720895	0.0281188	0.0449155	0.0380732	0.060517
0.0002808	0	4.704	6.1735e+06	63.7038	0.0463197	0.0743037	0.177326	0.00317317	0.0604997	0.436995	0.177326
0.000281	0	4.7004	6.20455e+06	63.7275	0.023459	0.276149	0.0180088	0.823019	0.0843415	0.0655335	0
0.0002812	0	4.6968	6.21501e+06	63.7509	0.0716736	0.000778891	0.0752293	0.000289273	0.0173962	0.760511	0.0734515
0.0002814	0	4.6932	6.22365e+06	63.7739	-0.0134331	0.546819	0.326018	0.028092	0.205513	0.0267857	0.265765
0.0002816	0	4.6896	6.23038e+06	63.7966	-0.111294	0.3324	0.0266064	0.131325	0.273729	0.0410838	0.273729
0.0002818	0	4.686	6.20761e+06	63.8189	-0.12606	0.174919	-0.227824	0.019226	-0.0793564	0.0516343	-0.227824
0.000282	0	4.682	6.18708e+06	63.8408	0.293506	0.0298056	0.0790165	0.463258	0.0153797	0.799437	0.293506
0.0002822	0	4.6784	6.26071e+06	63.8624	0.0480438	0.157207	0.0531124	0.0954443	0.0348674	0.09452	0
0.0002824	0	4.6744	6.17303e+06	63.8836	0.114618	0.00706981	0.0794364	0.223496	0.132623	0.223576	0.114618
0.0002826	0	4.6708	6.26889e+06	63.9044	0.000598057	0.989161	0.165606	0.138137	0.00991769	0.668894	0
0.0002828	0	4.6668	6.27537e+06	63.9247	0.410597	0.00589352	0.0995232	0.350923	-0.00210026	0.97128	0.410597
0.000283	0	4.6628	6.25204e+06	63.9447	0.0358055	0.443893	0.00410053	0.904357	0.0190309	0.190746	0
0.0002832	0	4.6588	6.24313e+06	63.9643	0.143696	0.0471037	0.161878	0.223764	0.195798	0.0147615	0.169747
0.0002834	0	4.6548	6.26827e+06	63.9835	0.0481379	0.0425476	0.0826988	0.0205379	0.0377613	0.268855	0.0654184
0.0002836	0	4.6508	6.30884e+06	64.0022	0.109747	0.214414	0.193101	0.00877806	0.225018	0.000264059	0.20906
0.0002838	0	4.6468	6.31598e+06	64.0204	-0.0897639	0.248116	0.0373697	0.104515	0.00449397	0.883518	0
0.000284	0	4.6424	6.26333e+06	64.0383	0.134878	0.0483497	0.0452884	0.257171	0.0504047	0.162926	0.134878
0.0002842	0	4.6384	6.33912e+06	64.0556	0.0946676	0.220176	0.0186793	0.45593	0.138095	0.0654035	0
0.0002844	0	4.634	6.33375e+06	64.0725	-0.00984577	0.823544	0.102282	0.0923094	-0.0175691	0.705618	0
0.0002846	0	4.6296	6.28591e+06	64.0889	0.0528245	0.168566	0.0572378	0.0311308	0.0105563	0.822978	0.0572378
0.0002848	0	4.6252	6.2679e+06	64.1048	0.0626543	0.291439	0.043451	0.18984	0.01091	0.593058	0
0.000285	0	4.6208	6.30232e+06	64.1202	-0.0511795	0.437733	0.212371	3.25715e-05	0.230361	0.0692317	0.212371
0.0002852	0	4.6164	6.3659e+06	64.135	0.0650465	0.332575	0.0713132	0.0747817	0.0196413	0.784318	0
0.0002854	0	4.612	6.38247e+06	64.1494	0.0425777	0.165933	0.0407819	0.191583	0.0586269	0.175552	0
0.0002856	0	4.6072	6.34606e+06	64.1631	0.0268015	0.488594	0.0469654	0.0864585	0.0695126	0.0880636	0
0.0002858	0	4.6028	6.37299e+06	64.1763	0.047542	0.21626	0.0481167	0.00342324	-0.0133604	0.777595	0.0481167
0.000286	0	4.598	6.41318e+06	64.1889	-0.0850832	0.40142	-0.047199	0.136049	0.0964131	0.0371721	0.0964131
0.0002862	0	4.5932	6.41995e+06	64.2008	0.041962	0.376023	0.010815	0.643723	-0.0658375	0.338592	0
0.0002864	0	4.5884	6.4139e+06	64.2122	0.0289768	0.573655	0.0408326	0.217025	0.0987819	0.10642	0
0.0002866	0	4.5836	6.33476e+06	64.2229	0.0468904	0.282462	0.048167	0.105354	0.0518627	0.265917	0
0.0002868	0	4.5784	6.44297e+06	64.2328	0.0383587	0.440399	0.0360981	0.305471	0.0327639	0.318617	0
0.000287	0	4.5732	6.3946e+06	64.2421	0.0215209	0.848089	-0.0694752	0.182844	-0.00939154	0.833466	0
0.0002872	0	4.5684	6.36887e+06	64.2507	0.0936219	0.433681	0.0341723	0.277714	-0.0582332	0.220136	0
0.0002874	0	4.5628	6.36616e+06	64.2584	0.180869	0.108572	0.204876	0.0174067	0.107039	0.0638263	0.204876
0.0002876	0	4.5576	6.4495e+06	64.2655	0.0917374	0.0319049	0.0840964	0.0146495	0.0502142	0.0888066	0.0879169
0.0002878	0	4.5524	6.46736e+06	64.2716	0.0530423	0.276005	0.0502274	0.242632	0.0096179	0.750533	0
0.000288	0	4.5468	6.47959e+06	64.2769	0.0968601	0.399574	0.0407956	0.620196	0.0372819	0.57092	0
0.0002882	0	4.5412	6.46283e+06	64.2813	0.132168	0.0993312	0.0237642	0.316296	-0.0207908	0.586562	0
0.0002884	0	4.5356	6.49306e+06	64.2848	0.0593351	0.451516	0.0501884	0.043336	-0.0467006	0.303844	0.0501884
0.0002886	0	4.53	6.49467e+06	64.2872	0.189475	0.055775	0.164718	0.121	-0.0686583	0.121182	0
0.0002888	0	4.524	6.50105e+06	64.2887	0.0441165	0.505257	0.0787735	0.207705	0.0504669	0.166617	0
0.000289	0	4.518	6.48151e+06	64.289	0.0818491	0.153858	0.0828619	0.0357129	0.0112928	0.755532	0.0828619
0.0002892	0	4.512	6.51687e+06	64.2882	0.116985	0.152608	0.23573	0.00775376	0.277181	0.0252748	0.256456
0.0002894	0	4.506	6.50486e+06	64.2863	0.00978717	0.83705	0.11206	0.105869	0.0487072	0.430344	0
0.0002896	0	4.4996	6.54241e+06	64.2829	0.0388996	0.253029	-0.0328356	0.452262	0.0869435	0.201301	0
0.0002898	0	4.4932	6.54786e+06	64.2783	-0.0108665	0.862386	0.0794934	0.134156	0.0244536	0.527682	0
0.00029	0	4.4868	6.47096e+06	64.2722	0.0181387	0.716385	0.0351756	0.290783	0.0315546	0.571309	0
0.0002902	0	4.48	6.54515e+06	64.2647	0.0625255	0.394253	0.0768867	0.0297757	0.00948353	0.843347	0.0768867
0.0002904	0	4.4732	6.52381e+06	64.2554	-0.0113104	0.843684	0.0509718	0.172262	0.022048	0.649832	0
0.0002906	0	4.466	6.55498e+06	64.2445	0.0221693	0.674474	0.0774237	0.132897	0.0466075	0.520036	0
0.0002908	0	4.4588	6.54867e+06	64.2317	-0.0191204	0.766449	0.0773884	0.151004	0.0469026	0.194193	0
0.000291	0	4.4516	6.5699e+06	64.2169	-0.13567	0.152564	0.0791645	0.280347	0.104666	0.0478863	0.104666
0.0002912	0	4.444	6.58624e+06	64.1999	0.0211806	0.695023	0.0491984	0.335808	0.0323406	0.289901	0
0.0002914	0	4.4364	6.52645e+06	64.1807	-0.0135497	0.751063	0.0560697	0.278223	0.0536329	0.590014	0
0.0002916	0	4.4284	6.55171e+06	64.159	0.0460794	0.358261	0.0239765	0.705483	-0.0399655	0.286555	0
0.0002918	0	4.42	6.58733e+06	64.1346	0.0242028	0.664911	-0.000859568	0.988529	0.0405461	0.274999	0
0.000292	0	4.4116	6.60015e+06	64.1071	0.0321897	0.575122	0.0463248	0.393717	0.013155	0.786654	0
0.0002922	0	4.4028	6.60051e+06	64.0765	0.144679	0.044554	0.130469	0.0492112	0.0429568	0.375844	0.137574
0.0002924	0	4.3936	6.50475e+06	64.0422	-0.0109954	0.884369	0.0389525	0.500074	0.0735597	0.10584	0
0.0002926	0	4.3844	6.6106e+06	64.004	0.00862248	0.865105	0.0755577	0.195769	-0.0670342	0.267007	0
0.0002928	0	4.3748	6.55025e+06	63.9613	-0.00919693	0.942386	0.117743	0.235344	0.0929596	0.0691527	0
0.000293	0	4.3644	6.59888e+06	63.9137	-0.00458946	0.954564	0.049835	0.445113	0.00763712	0.807695	0
0.0002932	0	4.354	6.56046e+06	63.8606	0.0554904	0.522416	0.164425	0.046105	0.0573969	0.2972	0.164425
0.0002934	0	4.3428	6.59455e+06	63.8011	0.00520413	0.959126	0.0307257	0.665259	0.0688461	0.0824466	0
0.0002936	0	4.3308	6.52314e+06	63.7346	0.00873542	0.894937	-0.0467569	0.591776	0.00396335	0.908587	0
0.0002938	0	4.3184	6.52258e+06	63.6591	0.0467289	0.683522	0.07791	0.265708	0.0939933	0.0367975	0.0939933
0.000294	0	4.3056	6.52896e+06	63.5736	-0.0167156	0.898712	0.0431077	0.445387	0.00990858	0.74858	0
0.0002942	0	4.2912	6.5477e+06	63.4764	0.0303778	0.697976	0.0956483	0.15711	0.0475709	0.149893	0
0.0002944	0	4.2764	6.51464e+06	63.3648	0.0566678	0.606185	0.0597606	0.443323	0.101484	0.0161054	0.101484
0.0002946	0	4.2596	6.52017e+06	63.235	0.0538539	0.663044	0.0578892	0.405193	0.0406747	0.308818	0
0.0002948	0	4.2416	6.54237e+06	63.0826	0.0694685	0.608884	0.15035	0.10522	0.134539	0.0247312	0.134539
0.000295	0	4.2216	6.55647e+06	62.8997	0.046331	0.691691	0.0693268	0.441574	0.0820015	0.179747	0
0.0002952	0	4.1992	6.51961e+06	62.6748	-0.000301481	0.998867	0.0580183	0.521708	0.0292886	0.619252	0
0.0002954	0	4.1728	6.57019e+06	62.3879	0.0683131	0.643808	0.097993	0.319903	0.122666	0.0668106	0
0.0002956	0	4.1412	6.55257e+06	62.0005	0.107554	0.423596	0.139067	0.156738	0.1055	0.148353	0
0.0002958	0	4.1008	6.51388e+06	61.4163	0.0981348	0.65713	0.168664	0.168794	0.101321	0.244608	0
0.000296	0	4.0412	6.45893e+06	60.2874	0.151348	0.500382	0.157909	0.284912	0.0607973	0.632633	0
0.0002962	0	2.7356	4.38018e+06	62.9343	-0.571091	0.366802	0.61358	0.0484551	-0.0702596	0.88571	0.61358
0.0002964	0	3.38	6.1497e+06	64.6019	0.121755	0.422646	-0.0743516	0.655899	0.176692	0.120139	0
0.0002966	0	3.3808	6.37035e+06	65.1655	-0.00495397	0.948874	-0.140661	0.537397	0.0685945	0.227906	0
0.0002968	0	3.3284	6.45028e+06	64.9138	-0.0712439	0.741407	-0.0428923	0.837169	0.000641736	0.996238	0
0.000297	0	3.0448	6.52849e+06	61.8731	-0.0425528	0.886763	-0.0148891	0.971125	-0.016363	0.951533	0
0.0002972	0	2.566	8.07261e+06	56.4639	-0.015879	0.955342	0.0091513	0.971582	0.0314138	0.895818	0
0.0002974	0	2.5808	8.3403e+06	57.6824	0.113683	0.499125	0.0558767	0.692502	-0.0196646	0.906299	0
0.0002976	0	2.5888	8.38774e+06	58.372	0.00277326	0.991811	-0.0322448	0.871001	0.003822	0.983556	0
0.0002978	0	2.5936	8.50426e+06	58.8604	-0.0507555	0.812425	-0.0374891	0.874154	0.0171347	0.912391	0
0.000298	0	2.5964	8.46508e+06	59.2418	-0.0349021	0.860151	0.09521	0.566424	0.0849585	0.39822	0
0.0002982	0	2.5984	8.61685e+06	59.556	0.0575573	0.792397	0.0454998	0.806375	-0.0118423	0.926189	0
0.0002984	0	2.5996	8.72008e+06	59.8248	-0.00846933	0.971764	-0.00257039	0.98876	-0.0516005	0.78809	0
0.0002986	0	2.6	8.76992e+06	60.0608	0.00412205	0.987095	0.0503189	0.740814	0.0827874	0.441579	0
0.0002988	0	2.6	8.82266e+06	60.2708	0.0821546	0.720122	-0.0390162	0.885879	0.0166862	0.924305	0
0.000299	0	2.5996	8.8325e+06	60.4614	0.0235267	0.872956	-0.0994265	0.673234	0.0730001	0.738698	0
0.0002992	0	2.5988	8.85097e+06	60.6358	0.085245	0.679154	0.0913906	0.526557	0.0990771	0.373386	0
0.0002994	0	2.5976	8.95094e+06	60.7969	0.163723	0.143515	0.179813	0.00161573	0.179444	0.00883452	0.179628
0.0002996	0	2.596	8.95629e+06	60.9471	-0.0610003	0.654554	-0.0458465	0.785048	-0.00892874	0.952818	0
0.0002998	0	2.5944	9.02944e+06	61.0878	0.0858074	0.687516	0.0312277	0.863437	0.0309189	0.886044	0
0.0003	0	2.5928	9.01501e+06	61.2202	0.031927	0.817423	0.118939	0.226152	0.103764	0.429329	0
0.0003002	0	2.5908	9.00063e+06	61.3456	0.0652404	0.635032	0.230495	0.178355	0.213584	0.164688	0
0.0003004	0	2.5884	9.19064e+06	61.4647	-0.0605335	0.727109	0.033973	0.768951	0.0654656	0.487998	0
0.0003006	0	2.586	9.23567e+06	61.5784	0.0544961	0.744424	0.121643	0.256665	0.122773	0.057547	0
0.0003008	0	2.5836	9.18165e+06	61.6871	-0.0100445	0.938581	-0.00965452	0.945694	0.0406615	0.743846	0
0.000301	0	2.5808	9.31036e+06	61.7913	-0.0419854	0.38329	0.0634668	0.557627	0.0460677	0.517191	0
0.0003012	0	2.578	9.32948e+06	61.8915	-0.00512385	0.976383	0.0687831	0.615143	0.0324269	0.833799	0
0.0003014	0	2.5748	9.3349e+06	61.9881	0.0814653	0.701457	0.022144	0.816658	0.0723323	0.647325	0
0.0003016	0	2.572	9.33713e+06	62.0814	0.21458	0.029542	-0.0888961	0.620001	-0.0240978	0.838408	0.21458
0.0003018	0	2.5688	9.33907e+06	62.1716	0.0234154	0.853933	-0.00211645	0.990244	0.0121752	0.923735	0
0.000302	0	2.5652	9.51989e+06	62.2591	0.0407239	0.739442	0.020512	0.837548	0.034869	0.683471	0
0.0003022	0	2.5616	9.43577e+06	62.3439	0.0480117	0.604455	0.0683243	0.457428	0.0528144	0.626389	0
0.0003024	0	2.5584	9.46142e+06	62.4264	0.0570339	0.565169	0.0941406	0.454752	0.0722747	0.557012	0
0.0003026	0	2.5544	9.61057e+06	62.5066	0.0560935	0.370953	0.0156103	0.773609	-0.0987655	0.234323	0
0.0003028	0	2.5508	9.65314e+06	62.5848	0.0244543	0.887098	0.0713067	0.459738	-0.0228515	0.810935	0
0.000303	0	2.5468	9.73605e+06	62.661	0.117353	0.344122	0.161941	0.178745	0.193211	0.0674802	0
0.0003032	0	2.5428	9.76949e+06	62.7354	0.0448508	0.489333	0.161212	0.0742299	0.0680655	0.315863	0
0.0003034	0	2.5388	9.66484e+06	62.8081	0.0206372	0.78584	0.0456242	0.613353	0.0583886	0.504509	0
0.0003036	0	2.5344	9.85553e+06	62.8793	0.0458728	0.700678	-0.0623772	0.494886	0.0550237	0.580362	0
0.0003038	0	2.53	9.90607e+06	62.9488	0.0641902	0.625438	0.109352	0.210794	0.0636172	0.433067	0
0.000304	0	2.5256	9.92866e+06	63.017	0.0403924	0.6683	0.042699	0.76134	-0.0887839	0.230783	0
0.0003042	0	2.5208	9.89176e+06	63.0839	0.0498176	0.64834	0.0406301	0.613949	-0.0851806	0.465578	0
0.0003044	0	2.5164	9.9662e+06	63.1494	0.05015	0.59152	0.0659079	0.505438	0.0520525	0.501448	0
0.0003046	0	2.5116	1.00151e+07	63.2138	-0.0632075	0.443528	0.0422283	0.58824	0.00612089	0.9541	0
0.0003048	0	2.5064	9.99008e+06	63.277	0.0580004	0.609399	0.0582432	0.463368	0.0428684	0.575058	0
0.000305	0	2.5016	1.01558e+07	63.3392	0.0182027	0.84317	0.0338089	0.6948	0.0497506	0.521455	0
0.0003052	0	2.4964	1.01986e+07	63.4002	0.0680473	0.370451	0.0301311	0.734913	0.0831804	0.235964	0
0.0003054	0	2.4912	1.02447e+07	63.4603	0.0451851	0.69091	0.182621	0.0484057	-0.0753064	0.32318	0.182621
0.0003056	0	2.486	1.01705e+07	63.5194	-0.159523	0.234774	0.125673	0.266478	0.190808	0.0454625	0.190808
0.0003058	0	2.4804	1.0325e+07	63.5777	0.0534489	0.388427	-0.0225683	0.783323	0.0842997	0.114955	0
0.000306	0	2.4748	1.03705e+07	63.6351	0.16485	0.00109189	0.0277134	0.682843	-0.0624712	0.258563	0.16485
0.0003062	0	2.4692	1.03208e+07	63.6916	0.0201779	0.692626	0.0422268	0.453497	0.0316206	0.473814	0
0.0003064	0	2.4632	1.04686e+07	63.7473	0.244129	0.0508859	0.266465	0.0584144	-0.0487353	0.640225	0
0.0003066	0	2.4572	1.05041e+07	63.8022	0.181813	0.039182	0.0591509	0.215033	-0.155083	0.317725	0.181813
0.0003068	0	2.4512	1.05424e+07	63.8564	-0.0338986	0.690526	-0.0806286	0.309351	0.110304	0.114339	0
0.000307	0	2.4448	1.05365e+07	63.9099	-0.00118959	0.986561	-0.0377224	0.475298	0.0338106	0.604721	0
0.0003072	0	2.4384	1.05288e+07	63.9628	0.0228789	0.805619	0.123756	0.0674399	0.00403352	0.930447	0
0.0003074	0	2.432	1.06735e+07	64.0149	0.144082	0.127205	0.123153	0.0876495	0.238182	0.250016	0
0.0003076	0	2.4256	1.06032e+07	64.0664	0.031904	0.670243	0.0870737	0.188792	0.0192996	0.720406	0
0.0003078	0	2.4188	1.06694e+07	64.1173	0.0378426	0.584657	-0.0267177	0.519094	0.0748654	0.100029	0
0.000308	0	2.4116	1.07813e+07	64.1676	0.0605843	0.248552	0.0540369	0.259363	0.0674907	0.308239	0
0.0003082	0	2.4048	1.073e+07	64.2173	-0.0262042	0.526019	0.0185835	0.759947	0.0115467	0.822888	0
0.0003084	0	2.3972	1.07915e+07	64.2665	0.027894	0.598122	0.0927133	0.0545956	0.0302889	0.204839	0
0.0003086	0	2.39	1.09638e+07	64.3151	0.0646376	0.216513	0.0459844	0.444107	0.0765729	0.276035	0
0.0003088	0	2.3824	1.1018e+07	64.3631	0.0529072	0.151539	0.34773	0.0696996	-0.210959	0.129925	0
0.000309	0	2.3748	1.09374e+07	64.4107	0.0659975	0.191936	-0.258429	0.068204	-0.25503	0.137769	0
0.0003092	0	2.3668	1.10679e+07	64.4578	-0.348789	0.123349	0.0450087	0.656512	0.0925182	0.157583	0
0.0003094	0	2.3584	1.10087e+07	64.5044	0.0325677	0.644122	0.170166	0.246501	-0.118995	0.324511	0
0.0003096	0	2.3504	1.11302e+07	64.5505	0.528443	0.0102441	0.229042	0.17629	0.165207	0.0385443	0.346825
0.0003098	0	2.3416	1.11468e+07	64.5962	0.17558	0.110452	0.00769627	0.880961	0.0657319	0.13702	0
0.00031	0	2.3332	1.11776e+07	64.6413	0.30872	0.080816	-0.256099	0.148213	0.0352882	0.433283	0
0.0003102	0	2.324	1.13154e+07	64.6861	0.0808835	0.206988	0.0591841	0.0677467	0.0803465	0.25256	0
0.0003104	0	2.3148	1.13261e+07	64.7305	0.150423	0.133348	0.0618776	0.164574	0.0558412	0.163374	0
0.0003106	0	2.3056	1.14296e+07	64.7744	0.371242	0.0166317	0.164999	0.129984	-0.178465	0.283019	0.371242
0.0003108	0	2.296	1.14331e+07	64.8179	0.391149	0.00189322	0.335018	0.037022	-0.0318468	0.532293	0.363084
0.000311	0	2.286	1.15498e+07	64.861	0.271316	0.0256078	-0.0116354	0.826539	0.0560636	0.145886	0.271316
0.0003112	0	2.2756	1.14339e+07	64.9038	0.0504107	0.774259	-0.186292	0.0524905	0.0309085	0.312489	0
0.0003114	0	2.2652	1.15804e+07	64.9461	0.0619146	0.309731	0.0649342	0.223596	0.127706	0.0550573	0
0.0003116	0	2.2544	1.15778e+07	64.9881	0.0589999	0.385555	0.100462	0.0300572	0.0567167	0.107765	0.100462
0.0003118	0	2.2436	1.16934e+07	65.0297	-0.00990911	0.868447	0.0847764	0.479489	0.0739837	0.0478938	0.0739837
0.000312	0	2.232	1.17795e+07	65.0709	0.0567122	0.352785	0.113442	0.0543355	-0.00157972	0.978139	0
0.0003122	0	2.2204	1.18165e+07	65.1118	0.105109	0.373081	0.102736	0.0554797	0.13521	0.18102	0
0.0003124	0	2.208	1.17541e+07	65.1523	0.0341265	0.541994	0.0358402	0.431403	0.0609786	0.210413	0
0.0003126	0	2.1956	1.19455e+07	65.1925	0.0374795	0.24044	0.0603918	0.0430406	0.127925	0.0387375	0.0941584
0.0003128	0	2.1828	1.19552e+07	65.2323	0.28859	0.00584407	0.34491	0.0976611	0.174404	0.01682	0.231497
0.000313	0	2.1692	1.20089e+07	65.2718	-0.134554	0.0877547	0.162622	0.0791432	0.0236765	0.222885	0
0.0003132	0	2.1556	1.19374e+07	65.311	0.0661666	0.0447679	0.0437243	0.0543539	0.00918348	0.734361	0.0661666
0.0003134	0	2.1412	1.19929e+07	65.3498	0.0117238	0.744204	0.0117234	0.787694	0.0327625	0.511642	0
0.0003136	0	2.126	1.21781e+07	65.3883	0.077492	0.0203296	0.0750838	0.0544885	0.051177	0.0600086	0.077492
0.0003138	0	2.1104	1.21751e+07	65.4265	0.0157252	0.639591	0.0354211	0.203031	0.0642724	0.215904	0
0.000314	0	2.0944	1.22684e+07	65.4644	0.028792	0.569827	0.0520573	0.139348	0.0416839	0.197419	0
0.0003142	0	2.0776	1.21812e+07	65.5019	-0.0627406	0.621959	0.0434122	0.300891	0.0937493	0.182952	0
0.0003144	0	2.0596	1.22723e+07	65.5391	0.48227	0.0167006	0.314321	0.0573386	0.537277	0.00471546	0.509773
0.0003146	0	2.0412	1.2423e+07	65.576	0.132107	0.299149	0.14209	0.161383	0.259253	0.219308	0
0.0003148	0	2.0216	1.23103e+07	65.6126	0.0337473	0.340675	0.00656451	0.790547	-0.0668801	0.372641	0
0.000315	0	2.0012	1.24677e+07	65.6488	0.00425989	0.947371	0.144315	0.474185	-0.058216	0.435364	0
0.0003152	0	1.9796	1.25327e+07	65.6847	-0.0143352	0.752423	0.0255868	0.674787	0.0016703	0.975186	0
0.0003154	0	1.9568	1.24898e+07	65.7203	-0.0151151	0.747514	0.246186	0.0176679	0.0925274	0.281543	0.246186
0.0003156	0	1.9324	1.24555e+07	65.7555	-0.157641	0.0879156	-0.0003253	0.995761	0.0201815	0.20343	0
0.0003158	0	1.906	1.25735e+07	65.7904	-0.270686	0.065277	0.0865933	0.110422	0.118549	0.218367	0
0.000316	0	1.878	1.26212e+07	65.825	0.650843	0.00634339	0.316552	0.0152867	0.193542	0.256835	0.483698
0.0003162	0	1.8476	1.2584e+07	65.8591	-0.0575431	0.409089	-0.0724228	0.2783	0.0900286	0.0647163	0
0.0003164	0	1.8144	1.25133e+07	65.8929	0.203707	0.141483	0.210742	0.0770044	0.459277	0.0678965	0
0.0003166	0	1.7776	1.25966e+07	65.9264	0.0295327	0.673508	0.0309233	0.515376	0.154401	0.0148191	0.154401
0.0003168	0	1.7368	1.23847e+07	65.9594	-0.070318	0.674367	0.0265699	0.81999	0.0436338	0.383994	0
0.000317	0	1.69	1.24522e+07	65.9919	0.00867311	0.946057	0.0326762	0.728978	0.0357749	0.741355	0
0.0003172	0	1.636	1.23589e+07	66.024	-0.191026	0.177715	-0.0471958	0.746009	-0.047467	0.717334	0
0.0003174	0	1.5708	1.219e+07	66.0556	-0.00388014	0.985248	-0.0571828	0.825331	-0.00330538	0.98491	0
0.0003176	0	1.488	1.1902e+07	66.0865	0.0559283	0.829875	0.0441243	0.817052	-0.0152187	0.931293	0
0.0003178	0	1.3712	1.12885e+07	66.1167	-0.02734	0.87864	0.0793678	0.757875	0.0619334	0.695424	0
0.000318	0	1.15	9.93962e+06	66.1458	0.171473	0.509247	0.252595	0.576054	-0.240943	0.194861	0
0.0003182	0	0	0.00445138	4.15088e-06	-10	-10	-10	-10	-10	-10	-10
0.0003184	0	0	0.00291437	6.69134e-06	-10	-10	-10	-10	-10	-10	-10
0.0003186	0	0	0.00191291	3.26667e-06	-10	-10	-10	-10	-10	-10	-10
0.0003188	0	0	0.00361934	4.85589e-06	-10	-10	-10	-10	-10	-10	-10
0.000319	0	0	0.00263682	3.20522e-06	-10	-10	-10	-10	-10	-10	-10
0.0003192	0	0	0.00136023	3.95423e-06	-10	-10	-10	-10	-10	-10	-10
0.0003194	0	0	0.000904908	2.02067e-06	-10	-10	-10	-10	-10	-10	-10
0.0003196	0	0	0.000915092	3.07936e-06	-10	-10	-10	-10	-10	-10	-10
0.0003198	0	0	0.00087008	3.13325e-06	-10	-10	-10	-10	-10	-10	-10
0.00032	0	0	0.00435746	2.99468e-06	-10	-10	-10	-10	-10	-10	-10
0.0003202	0	0	0.00185384	3.54124e-06	-10	-10	-10	-10	-10	-10	-10
0.0003204	0	0	0.000545047	1.42764e-06	-10	-10	-10	-10	-10	-10	-10
0.0003206	0	0	0.000590484	2.33624e-06	-10	-10	-10	-10	-10	-10	-10
0.0003208	0	0	0.000927072	6.82145e-06	-10	-10	-10	-10	-10	-10	-10
0.000321	0	0	0.00150011	2.67881e-06	-10	-10	-10	-10	-10	-10	-10
0.0003212	0	0	0.000960668	5.26382e-06	-10	-10	-10	-10	-10	-10	-10
0.0003214	0	0	0.000947621	2.51192e-06	-10	-10	-10	-10	-10	-10	-10
0.0003216	0	0	0.00195543	1.78636e-06	-10	-10	-10	-10	-10	-10	-10
0.0003218	0	0	0.000924885	2.93233e-06	-10	-10	-10	-10	-10	-10	-10
0.000322	0	0	0.000896103	2.09422e-06	-10	-10	-10	-10	-10	-10	-10
0.0003222	0	0	0.00224713	3.11476e-06	-10	-10	-10	-10	-10	-10	-10
0.0003224	0	0	0.00302623	2.02748e-06	-10	-10	-10	-10	-10	-10	-10
0.0003226	0	0	0.000948792	2.10085e-06	-10	-10	-10	-10	-10	-10	-10
0.0003228	0	0	0.00066114	2.60472e-06	-10	-10	-10	-10	-10	-10	-10
0.000323	0	0	0.000790423	1.45837e-06	-10	-10	-10	-10	-10	-10	-10
0.0003232	0	0	0.00209057	1.9528e-06	-10	-10	-10	-10	-10	-10	-10
0.0003234	0	0	0.000976211	3.37312e-06	-10	-10	-10	-10	-10	-10	-10
0.0003236	0	0	0.00553547	6.08014e-07	-10	-10	-10	-10	-10	-10	-10
0.0003238	0	0	0.001558	2.25898e-06	-10	-10	-10	-10	-10	-10	-10
0.000324	0	0	0.000551555	2.29139e-06	-10	-10	-10	-10	-10	-10	-10
0.0003242	0	0	0.00132371	5.19206e-06	-10	-10	-10	-10	-10	-10	-10
0.0003244	0	0	0.00373263	1.16156e-06	-10	-10	-10	-10	-10	-10	-10
0.0003246	0	0	0.00457598	1.07385e-06	-10	-10	-10	-10	-10	-10	-10
0.0003248	0	0	0.000473278	3.92934e-06	-10	-10	-10	-10	-10	-10	-10
0.000325	0	0	0.00217828	2.63302e-06	-10	-10	-10	-10	-10	-10	-10
0.0003252	0	0	0.00432238	1.42297e-06	-10	-10	-10	-10	-10	-10	-10
0.0003254	0	0	0.000432761	6.21435e-07	-10	-10	-10	-10	-10	-10	-10
0.0003256	0	0	0.000678287	1.60577e-06	-10	-10	-10	-10	-10	-10	-10
0.0003258	0	0	0.0058589	1.73639e-06	-10	-10	-10	-10	-10	-10	-10
0.000326	0	0	0.00460801	7.31769e-07	-10	-10	-10	-10	-10	-10	-10
0.0003262	0	0	0.000610963	1.51845e-06	-10	-10	-10	-10	-10	-10	-10
0.0003264	0	0	0.00525115	1.25806e-06	-10	-10	-10	-10	-10	-10	-10
0.0003266	0	0	0.000444561	1.37397e-06	-10	-10	-10	-10	-10	-10	-10
0.0003268	0	0	0.0011608	3.66186e-07	-10	-10	-10	-10	-10	-10	-10
0.000327	0	0	0.00475485	1.75931e-06	-10	-10	-10	-10	-10	-10	-10
0.0003272	0	0	0.00225142	1.80111e-06	-10	-10	-10	-10	-10	-10	-10
0.0003274	0	0	0.000350136	1.76718e-06	-10	-10	-10	-10	-10	-10	-10
0.0003276	0	0	0.000452966	1.23331e-06	-10	-10	-10	-10	-10	-10	-10
0.0003278	0	0	0.000464814	1.94921e-06	-10	-10	-10	-10	-10	-10	-10
0.000328	0	0	0.000352053	1.88886e-06	-10	-10	-10	-10	-10	-10	-10
0.0003282	0	0	0.000321094	3.48239e-06	-10	-10	-10	-10	-10	-10	-10
0.0003284	0	0	0.000648218	2.50376e-06	-10	-10	-10	-10	-10	-10	-10
0.0003286	0	0	0.000829757	1.04271e-07	-10	-10	-10	-10	-10	-10	-10
0.0003288	0	0	0.000774377	3.11096e-07	-10	-10	-10	-10	-10	-10	-10
0.000329	0	0	0.000809456	1.245e-06	-10	-10	-10	-10	-10	-10	-10
0.0003292	0	0	0.000652196	2.17876e-07	-10	-10	-10	-10	-10	-10	-10
0.0003294	0	0	0.00079276	6.19214e-07	-10	-10	-10	-10	-10	-10	-10
0.0003296	0	0	0.000922735	9.45648e-08	-10	-10	-10	-10	-10	-10	-10
0.0003298	0	0	0.000332817	1.65213e-06	-10	-10	-10	-10	-10	-10	-10
0.00033	0	0	0.00114495	1.3144e-06	-10	-10	-10	-10	-10	-10	-10
0.0003302	0	0	0.000435321	1.5013e-06	-10	-10	-10	-10	-10	-10	-10
0.0003304	0	0	0.000616123	8.18111e-07	-10	-10	-10	-10	-10	-10	-10
0.0003306	0	0	0.000496481	2.80124e-06	-10	-10	-10	-10	-10	-10	-10
0.0003308	0	0	0.000396645	2.19489e-06	-10	-10	-10	-10	-10	-10	-10
0.000331	0	0	0.000835591	1.11377e-06	-10	-10	-10	-10	-10	-10	-10
0.0003312	0	0	0.000439437	1.42775e-06	-10	-10	-10	-10	-10	-10	-10
0.0003314	0	0	0.0011752	3.29533e-07	-10	-10	-10	-10	-10	-10	-10
0.0003316	0	0	0.00179385	5.77185e-06	-10	-10	-10	-10	-10	-10	-10
0.0003318	0	0	0.00145007	2.74132e-06	-10	-10	-10	-10	-10	-10	-10
0.000332	0	0	0.000323913	3.60783e-06	-10	-10	-10	-10	-10	-10	-10
0.0003322	0	0	0.000789232	4.31448e-07	-10	-10	-10	-10	-10	-10	-10
0.0003324	0	0	0.00102251	1.0107e-07	-10	-10	-10	-10	-10	-10	-10
0.0003326	0	0	0.00126295	1.16075e-06	-10	-10	-10	-10	-10	-10	-10
0.0003328	0	0	0.000523888	7.23578e-07	-10	-10	-10	-10	-10	-10	-10
0.000333	0	0	0.00100746	7.25824e-07	-10	-10	-10	-10	-10	-10	-10
0.0003332	0	0	0.000656465	7.6413e-08	-10	-10	-10	-10	-10	-10	-10
0.0003334	0	0	0.000375576	5.54096e-07	-10	-10	-10	-10	-10	-10	-10
0.0003336	0	0	0.000415931	6.8762e-08	-10	-10	-10	-10	-10	-10	-10
0.0003338	0	0	0.0004556	3.05687e-06	-10	-10	-10	-10	-10	-10	-10
0.000334	0	0	0.000456453	1.76986e-06	-10	-10	-10	-10	-10	-10	-10
0.0003342	0	0	0.000176853	7.9512e-07	-10	-10	-10	-10	-10	-10	-10
0.0003344	0	0	0.0002701	1.92766e-06	-10	-10	-10	-10	-10	-10	-10
0.0003346	0	0	0.000294019	4.93892e-07	-10	-10	-10	-10	-10	-10	-10
0.0003348	0	0	0.000365513	1.25013e-07	-10	-10	-10	-10	-10	-10	-10
0.000335	0	0	0.000283451	1.2669e-07	-10	-10	-10	-10	-10	-10	-10
0.0003352	0	0	0.000419399	5.34558e-07	-10	-10	-10	-10	-10	-10	-10
0.0003354	0	0	0.000328375	1.3596e-06	-10	-10	-10	-10	-10	-10	-10
0.0003356	0	0	0.000301951	1.49184e-06	-10	-10	-10	-10	-10	-10	-10
0.0003358	0	0	0.000880859	1.32896e-07	-10	-10	-10	-10	-10	-10	-10
0.000336	0	0	0.000333155	2.37151e-06	-10	-10	-10	-10	-10	-10	-10
0.0003362	0	0	0.000611969	1.70298e-06	-10	-10	-10	-10	-10	-10	-10
0.0003364	0	0	0.000486318	6.54175e-07	-10	-10	-10	-10	-10	-10	-10
0.0003366	0	0	0.000507604	1.20588e-06	-10	-10	-10	-10	-10	-10	-10
0.0003368	0	0	0.000413098	1.63442e-06	-10	-10	-10	-10	-10	-10	-10
0.000337	0	0	0.00103313	1.68204e-06	-10	-10	-10	-10	-10	-10	-10
0.0003372	0	0	0.000324891	8.67222e-07	-10	-10	-10	-10	-10	-10	-10
0.0003374	0	0	0.000780104	8.24532e-07	-10	-10	-10	-10	-10	-10	-10
0.0003376	0	0	0.000957789	3.02989e-07	-10	-10	-10	-10	-10	-10	-10
0.0003378	0	0	0.000674775	1.02836e-06	-10	-10	-10	-10	-10	-10	-10
0.000338	0	0	0.000372371	2.00053e-06	-10	-10	-10	-10	-10	-10	-10
0.0003382	0	0	0.00073602	9.45193e-08	-10	-10	-10	-10	-10	-10	-10
0.0003384	0	0	0.000470894	2.02358e-06	-10	-10	-10	-10	-10	-10	-10
0.0003386	0	0	0.000944383	1.36681e-07	-10	-10	-10	-10	-10	-10	-10
0.0003388	0	0	0.000945408	7.4859e-07	-10	-10	-10	-10	-10	-10	-10
0.000339	0	0	0.000777944	8.92081e-08	-10	-10	-10	-10	-10	-10	-10
0.0003392	0	0	0.000853193	3.97196e-07	-10	-10	-10	-10	-10	-10	-10
0.0003394	0	0	0.000418961	1.10144e-07	-10	-10	-10	-10	-10	-10	-10
0.0003396	0	0	0.000860735	2.8859e-07	-10	-10	-10	-10	-10	-10	-10
0.0003398	0	0	0.00090937	1.13261e-06	-10	-10	-10	-10	-10	-10	-10
0.00034	0	0	0.00111316	1.86687e-07	-10	-10	-10	-10	-10	-10	-10
0.0003402	0	0	0.00102329	1.70226e-06	-10	-10	-10	-10	-10	-10	-10
0.0003404	0	0	0.00102047	1.6859e-06	-10	-10	-10	-10	-10	-10	-10
0.0003406	0	0	0.000892958	8.72624e-07	-10	-10	-10	-10	-10	-10	-10
0.0003408	0	0	0.000359244	6.5189e-08	-10	-10	-10	-10	-10	-10	-10
0.000341	0	0	0.000372406	2.45416e-07	-10	-10	-10	-10	-10	-10	-10
0.0003412	0	0	0.000870036	3.4142e-07	-10	-10	-10	-10	-10	-10	-10
0.0003414	0	0	0.00101638	6.20247e-07	-10	-10	-10	-10	-10	-10	-10
0.0003416	0	0	0.000743966	9.28871e-07	-10	-10	-10	-10	-10	-10	-10
0.0003418	0	0	0.000851249	8.09075e-07	-10	-10	-10	-10	-10	-10	-10
0.000342	0	0	0.0001308	4.44963e-07	-10	-10	-10	-10	-10	-10	-10
0.0003422	0	0	0.000796114	5.58791e-08	-10	-10	-10	-10	-10	-10	-10
0.0003424	0	0	0.00082905	1.57394e-06	-10	-10	-10	-10	-10	-10	-10
0.0003426	0	0	0.00149384	5.80641e-07	-10	-10	-10	-10	-10	-10	-10
0.0003428	0	0	0.000409067	1.58771e-07	-10	-10	-10	-10	-10	-10	-10
0.000343	0	0	0.000472414	1.02975e-07	-10	-10	-10	-10	-10	-10	-10
0.0003432	0	0	0.00105834	3.30466e-07	-10	-10	-10	-10	-10	-10	-10
0.0003434	0	0	0.000517139	1.15934e-06	-10	-10	-10	-10	-10	-10	-10
0.0003436	0	0	0.000512544	1.05627e-06	-10	-10	-10	-10	-10	-10	-10
0.0003438	0	0	0.000454927	4.99849e-08	-10	-10	-10	-10	-10	-10	-10
0.000344	0	0	0.00053569	3.70634e-07	-10	-10	-10	-10	-10	-10	-10
0.0003442	0	0	0.00226718	3.02546e-07	-10	-10	-10	-10	-10	-10	-10
0.0003444	0	0	0.000725121	1.60086e-07	-10	-10	-10	-10	-10	-10	-10
0.0003446	0	0	0.000483014	2.82746e-07	-10	-10	-10	-10	-10	-10	-10
0.0003448	0	0	0.000350547	4.48646e-08	-10	-10	-10	-10	-10	-10	-10
0.000345	0	0	0.000817764	5.83976e-08	-10	-10	-10	-10	-10	-10	-10
0.0003452	0	0	0.0011486	1.85577e-07	-10	-10	-10	-10	-10	-10	-10
0.0003454	0	0	0.000392107	5.06541e-08	-10	-10	-10	-10	-10	-10	-10
0.0003456	0	0	0.000494581	3.50289e-07	-10	-10	-10	-10	-10	-10	-10
0.0003458	0	0	0.000517305	9.44335e-07	-10	-10	-10	-10	-10	-10	-10
0.000346	0	0	0.000967107	4.69516e-07	-10	-10	-10	-10	-10	-10	-10
0.0003462	0	0	0.000352134	8.17366e-08	-10	-10	-10	-10	-10	-10	-10
0.0003464	0	0	0.000418106	5.06211e-07	-10	-10	-10	-10	-10	-10	-10
0.0003466	0	0	0.000513954	4.85228e-08	-10	-10	-10	-10	-10	-10	-10
0.0003468	0	0	0.00047603	1.51721e-06	-10	-10	-10	-10	-10	-10	-10
0.000347	0	0	0.00163591	1.79442e-07	-10	-10	-10	-10	-10	-10	-10
0.0003472	0	0	0.00055445	2.38259e-07	-10	-10	-10	-10	-10	-10	-10
0.0003474	0	0	0.000453427	4.80912e-08	-10	-10	-10	-10	-10	-10	-10
0.0003476	0	0	0.00185147	2.46446e-06	-10	-10	-10	-10	-10	-10	-10
0.0003478	0	0	0.000631061	9.72567e-07	-10	-10	-10	-10	-10	-10	-10
0.000348	0	0	0.00053502	4.95393e-08	-10	-10	-10	-10	-10	-10	-10
0.0003482	0	0	0.000491213	5.89165e-07	-10	-10	-10	-10	-10	-10	-10
0.0003484	0	0	0.000201907	4.14863e-08	-10	-10	-10	-10	-10	-10	-10
0.0003486	0	0	0.000726926	9.91008e-07	-10	-10	-10	-10	-10	-10	-10
0.0003488	0	0	0.000987471	1.11906e-07	-10	-10	-10	-10	-10	-10	-10
0.000349	0	0	0.000586141	1.77416e-06	-10	-10	-10	-10	-10	-10	-10
0.0003492	0	0	0.000511968	3.98098e-08	-10	-10	-10	-10	-10	-10	-10
0.0003494	0	0	0.000282041	2.27397e-07	-10	-10	-10	-10	-10	-10	-10
0.0003496	0	0	0.000750369	5.51328e-07	-10	-10	-10	-10	-10	-10	-10
0.0003498	0	0	0.00062109	2.3176e-06	-10	-10	-10	-10	-10	-10	-10
