# gsd	mle
94	0.000033089
94.05	0.0000334433
94.1	0.0000359588
94.15	0.0000324852
94.2	0.0000406947
94.25	0.0000401172
94.3	0.0000395037
94.35	0.0000429938
94.4	-0.000103418
94.45	0.000138046
94.5	-1.46769e-05
94.55	5.27214e-05
94.6	6.19885e-05
94.65	3.01219e-05
94.7	-9.32331e-06
94.75	-0.000387809
94.8	5.46639e-05
94.85	-0.000338893
94.9	-9.65471e-05
94.95	0.000142502
95	-0.000102378
95.05	-0.0001814
95.1	-0.000178545
95.15	5.59519e-05
95.2	0.000319603
95.25	4.38263e-05
95.3	0.000407266
95.35	0.00136862
95.4	0.00175352
95.45	0.00196664
95.5	0.00156653
95.55	0.00370816
95.6	0.00234525
95.65	0.00360438
95.7	0.0026845
95.75	0.00222044
95.8	0.0031351
95.85	0.00258609
95.9	0.00477412
95.95	0.00309832
96	0.00483209
96.05	0.00416046
96.1	0.00275832
96.15	0.00390351
96.2	0.00430183
96.25	0.00475996
96.3	0.00444289
96.35	0.0055971
96.4	0.00397466
96.45	0.00449315
96.5	0.00422843
96.55	0.00449111
96.6	0.00395698
96.65	0.0041403
96.7	0.00565585
96.75	0.00468799
96.8	0.00557202
96.85	0.00521332
96.9	0.00488596
96.95	0.00520689
97	0.00432749
97.05	0.00504652
97.1	0.00392829
97.15	0.00511582
97.2	0.00424522
97.25	0.00485767
97.3	0.00508598
97.35	0.00588456
97.4	0.00534421
97.45	0.00504341
97.5	0.00417869
97.55	0.00619275
97.6	0.00497961
97.65	0.00483068
97.7	0.00412553
97.75	0.00576273
97.8	0.00555415
97.85	0.00596056
97.9	0.00523189
97.95	0.00549462
98	0.00624567
98.05	0.00591349
98.1	0.0049503
98.15	0.00514232
98.2	0.00523845
98.25	0.00474903
98.3	0.00534087
98.35	0.00552386
98.4	0.00528545
98.45	0.00556549
98.5	0.00534918
98.55	0.00561915
98.6	0.00524665
98.65	0.00569554
98.7	0.00591411
98.75	0.000145159
98.8	0.000421503
98.85	0.00355465
98.9	0.00461996
98.95	0.00495841
99	0.0046172
99.05	0.00290481
99.1	0.00211569
99.15	0.00514223
99.2	0.00410292
99.25	0.00483214
99.3	0.00371917
99.35	0.00396834
99.4	0.00375258
99.45	0.00409593
99.5	0.00530934
99.55	0.00485392
99.6	0.00315928
99.65	0.00436642
99.7	0.00373847
99.75	0.00553805
99.8	0.00508698
99.85	0.00368429
99.9	0.00406828
99.95	0.00454462
100	0.004389
100.05	0.000147918
100.1	0.00401214
100.15	0.00387984
100.2	0.00294177
100.25	0.00313554
100.3	0.00463917
100.35	0.00445959
100.4	0.00390596
100.45	0.00365119
100.5	0.00423108
100.55	0.00358193
100.6	0.00436057
100.65	0.00404962
100.7	0.00453477
100.75	0.00447974
100.8	0.00466695
100.85	0.00381352
100.9	0.00435679
100.95	0.00468008
101	0.00181964
101.05	0.00328226
101.1	0.00245509
101.15	0.00430085
101.2	0.00322314
101.25	0.00337297
101.3	0.00350231
101.35	0.00366711
101.4	0.00503573
101.45	0.00428983
101.5	0.00352998
101.55	0.00160743
101.6	0.00246739
101.65	0.00292713
101.7	0.000519079
101.75	0.00011258
101.8	-6.45814e-05
101.85	-2.89622e-05
101.9	-7.9579e-05
101.95	8.73041e-05
102	0.000102971
102.05	4.95805e-05
102.1	-9.28524e-05
102.15	-0.000193614
102.2	-0.000286845
102.25	-0.000113277
102.3	-2.98184e-05
102.35	8.65544e-06
102.4	2.90556e-05
102.45	4.00092e-05
102.5	4.54816e-05
102.55	4.76338e-05
102.6	4.77576e-05
102.65	4.66282e-05
102.7	4.47745e-05
102.75	4.2542e-05
102.8	4.01472e-05
102.85	3.77372e-05
102.9	3.53909e-05
102.95	3.31488e-05
103	3.09938e-05
103.05	2.8914e-05
103.1	2.68403e-05
103.15	2.46982e-05
103.2	2.23808e-05
103.25	1.97571e-05
103.3	1.6681e-05
103.35	1.29622e-05
103.4	8.36848e-06
103.45	2.60766e-06
103.5	-4.70724e-06
103.55	-1.40195e-05
103.6	-2.59686e-05
103.65	-4.15072e-05
103.7	-6.20623e-05
103.75	-9.0073e-05
103.8	-0.000130478
103.85	-0.00019687
103.9	-0.000387198
103.95	-0.000258152
104	-0.000198603
104.05	-0.000186744
104.1	-0.000211151
104.15	-0.000331876
104.2	-0.000237979
104.25	-0.000138628
104.3	-8.82204e-05
104.35	-5.8151e-05
104.4	-4.12857e-05
104.45	-3.48451e-05
104.5	-3.77636e-05
104.55	-4.98924e-05
104.6	-7.19729e-05
104.65	-0.000106266
104.7	-0.000158876
104.75	-0.000253579
104.8	-0.000392788
104.85	-0.000241629
104.9	-0.000202101
104.95	-0.000185998
105	-0.000179507
105.05	-0.000176753
105.1	-0.000174249
105.15	-0.000169825
105.2	-0.000162376
105.25	-0.00015161
105.3	-0.00013777
105.35	-0.000121319
105.4	-0.000102805
105.45	-8.27721e-05
105.5	-6.18983e-05
105.55	-4.11824e-05
105.6	-2.21591e-05
105.65	-7.82856e-06
105.7	-4.70965e-06
105.75	-3.18692e-05
105.8	-0.000397043
105.85	3.57379e-05
105.9	0.000122371
105.95	0.000164465
106	0.000173279
106.05	0.000102126
106.1	0.000269389
106.15	0.00038755
106.2	0.000118259
106.25	2.34362e-05
106.3	-9.0262e-05
106.35	-0.000193974
106.4	-5.62161e-05
106.45	-7.4467e-06
106.5	2.09867e-05
106.55	3.95139e-05
106.6	5.1585e-05
106.65	5.85106e-05
106.7	6.0667e-05
106.75	5.77506e-05
106.8	4.87032e-05
106.85	3.13229e-05
106.9	1.38438e-06
106.95	-4.95471e-05
107	-0.000140335
107.05	-0.000291861
107.1	-0.000207943
107.15	-9.26299e-05
107.2	-4.28008e-05
107.25	-1.56774e-05
107.3	3.66973e-05
107.35	1.18475e-05
107.4	9.88023e-05
107.45	0.000192114
107.5	0.000218854
107.55	0.000203999
107.6	0.000107287
107.65	-0.000368561
107.7	0.000155322
107.75	0.000162535
107.8	-4.07323e-05
107.85	-0.000199105
107.9	-5.18075e-05
107.95	-9.41719e-05
108	-0.000205647
108.05	5.6061e-05
108.1	-0.00018241
108.15	0.000281804
108.2	0.000389757
108.25	0.00017847
108.3	-0.000136571
108.35	0.000108208
108.4	0.000127667
108.45	8.09144e-05
108.5	-4.46711e-06
108.55	0.000110548
108.6	-0.00025434
108.65	-5.71638e-05
108.7	-6.54339e-05
108.75	-0.000112039
108.8	0.000522626
108.85	0.000782953
108.9	0.000828654
108.95	0.000526271
109	0.0011974
109.05	0.000826551
109.1	0.00111503
109.15	0.0012074
109.2	0.0015955
109.25	0.00187447
109.3	0.00246614
109.35	0.00244679
109.4	0.00307607
109.45	0.00302473
109.5	0.00312417
109.55	0.00294554
109.6	0.00310219
109.65	0.00314099
109.7	0.000324883
109.75	0.00323924
109.8	0.00255525
109.85	0.00190469
109.9	0.0030305
109.95	0.0020328
110	0.00334254
110.05	0.00257779
110.1	0.00276906
110.15	0.00279805
110.2	0.00218315
110.25	0.00313783
110.3	0.00298365
110.35	0.00179911
110.4	0.00257867
110.45	0.00542597
110.5	0.00410981
110.55	0.00392764
110.6	0.00310167
110.65	0.00273455
110.7	0.00303378
110.75	-3.54866e-05
110.8	0.0018867
110.85	0.00476526
110.9	0.00493267
110.95	0.00171893
111	0.00332461
111.05	0.00309956
111.1	0.00308909
111.15	0.00404072
111.2	0.00264906
111.25	0.00212227
111.3	0.00205799
111.35	0.00320735
111.4	0.00230564
111.45	0.00217418
111.5	0.0040216
111.55	0.00215412
111.6	0.00279281
111.65	0.00298981
111.7	0.00215048
111.75	0.00217612
111.8	0.00268611
111.85	0.00284817
111.9	0.00301214
111.95	0.00253927
112	0.00247031
112.05	0.00392591
112.1	0.00282026
112.15	0.00536296
112.2	0.00486056
112.25	0.00319679
112.3	0.00482553
112.35	-0.000123384
112.4	0.00395718
112.45	0.00390921
112.5	0.00323058
112.55	0.00393656
112.6	0.00353753
112.65	0.00433808
112.7	0.00280057
112.75	0.00378581
112.8	0.00462336
112.85	0.00372356
112.9	0.00469858
112.95	0.00351146
113	0.00453884
113.05	0.00329652
113.1	0.004337
113.15	0.00359924
113.2	0.00464815
113.25	0.00375998
113.3	0.00408689
113.35	0.00378682
113.4	0.00451673
113.45	0.00422448
113.5	0.00560823
113.55	0.00295236
113.6	0.00351447
113.65	0.00434984
113.7	0.0047041
113.75	0.00404272
113.8	0.00403407
113.85	0.00176877
113.9	0.000114569
113.95	0.000195295
114	0.000127442
114.05	9.01012e-05
114.1	0.000250854
114.15	0.00073089
114.2	0.000158564
114.25	0.000269246
114.3	0.000249514
114.35	0.000212066
114.4	0.000168267
114.45	0.000123849
114.5	8.30809e-05
114.55	4.99464e-05
114.6	2.87573e-05
114.65	2.23627e-05
114.7	3.15664e-05
114.75	5.41783e-05
114.8	7.1984e-05
114.85	0.000194697
114.9	0.000395311
114.95	0.000782475
115	0.000207626
115.05	9.85727e-05
115.1	0.000180081
115.15	0.00017182
115.2	9.76418e-05
115.25	-9.7073e-05
115.3	8.88009e-06
115.35	8.73968e-05
115.4	-0.000104718
115.45	0.00037734
115.5	0.000543458
115.55	0.0020609
115.6	0.00142887
115.65	0.00387936
115.7	0.00373938
115.75	0.00244213
115.8	0.00384921
115.85	0.00224679
115.9	0.00418797
115.95	0.00375393
116	0.00347209
116.05	0.00419415
116.1	0.0029825
116.15	0.00324732
116.2	0.00191734
116.25	0.00386069
116.3	0.00364139
116.35	0.0027997
116.4	0.00371718
116.45	0.00370675
116.5	0.00220396
116.55	0.00242076
116.6	0.00281228
116.65	0.00285725
116.7	0.00346718
116.75	0.00358297
116.8	0.00257369
116.85	0.00312322
116.9	0.00565307
116.95	0.00364737
117	6.80295e-05
117.05	0.00281419
117.1	0.00185025
117.15	0.00360866
117.2	0.00473288
117.25	0.0043039
117.3	0.00348961
117.35	0.00357933
117.4	0.00428157
117.45	0.00363762
117.5	0.0034966
117.55	0.0031047
117.6	0.00403715
117.65	0.00457149
117.7	0.00341018
117.75	0.00289595
117.8	0.00161988
117.85	0.0030573
117.9	0.00352335
117.95	0.00435485
118	0.00257477
118.05	0.0035703
118.1	0.00392728
118.15	0.00392263
118.2	0.00414527
118.25	0.00392301
118.3	0.00418154
118.35	0.00386967
118.4	0.00426033
118.45	0.00427213
118.5	0.00299787
118.55	0.00407378
118.6	0.00353415
118.65	-0.000190546
118.7	-0.000153936
118.75	-0.000172712
118.8	-0.000108017
118.85	1.9267e-05
118.9	0.000153481
118.95	-4.34889e-05
119	-0.000175578
119.05	-0.000183573
119.1	0.000206407
119.15	0.000662399
119.2	0.00233062
119.25	0.00208143
119.3	0.00242528
119.35	0.00315942
119.4	0.00354316
119.45	0.00262597
119.5	0.00336717
119.55	0.00299167
119.6	0.00210418
119.65	0.00356787
119.7	0.000325102
119.75	0.00315009
119.8	0.00314541
119.85	0.00288251
119.9	0.00302495
119.95	0.00300194
120	0.00367968
120.05	0.0051655
120.1	0.00328103
120.15	0.00376668
120.2	0.00332006
120.25	0.00303481
120.3	0.00384696
120.35	0.00239429
120.4	0.00438771
120.45	-0.000103059
120.5	0.00325888
120.55	0.00192818
120.6	0.00270187
120.65	0.00315257
120.7	0.00276774
120.75	0.00319503
120.8	0.00341963
120.85	0.00416875
120.9	0.00346874
120.95	-6.55634e-05
121	-0.000154688
121.05	0.000100019
121.1	0.000148147
121.15	-0.000256799
121.2	0.00107669
121.25	0.000855919
121.3	0.00264577
121.35	0.00305821
121.4	0.00360385
121.45	0.00310509
121.5	0.00272241
121.55	0.00309701
121.6	0.00306199
121.65	0.00344345
121.7	0.00388196
121.75	0.00324417
121.8	0.0027035
121.85	0.00493529
121.9	0.00368149
121.95	0.00227562
122	0.00230781
122.05	0.00208835
122.1	0.00278881
122.15	0.00348001
122.2	0.00127637
122.25	7.36489e-05
122.3	0.00019234
122.35	0.000725333
122.4	0.00262708
122.45	0.00257819
122.5	0.00269271
122.55	0.00364451
122.6	0.00277131
122.65	0.00166854
122.7	0.00223738
122.75	0.00246565
122.8	0.0024059
122.85	0.00377628
122.9	0.00203415
122.95	0.00259088
123	0.000364261
123.05	0.000489567
123.1	0.00207723
123.15	0.00163136
123.2	0.00154973
123.25	0.00290677
123.3	0.00315748
123.35	0.00202647
123.4	0.00256908
123.45	0.00335938
123.5	0.000258984
123.55	0.00209734
123.6	0.00213933
123.65	0.00224678
123.7	0.00205209
123.75	0.00147778
123.8	0.00267915
123.85	-0.000133372
123.9	0.000972462
123.95	0.00196049
124	0.00145133
124.05	0.00322887
124.1	0.000906109
124.15	0.00174445
124.2	0.0016918
124.25	-0.000676201
124.3	0.00229282
124.35	0.00103028
124.4	0.000323028
124.45	0.00164767
124.5	0.000505989
124.55	0.0016832
124.6	0.00290485
124.65	0.000393738
124.7	0.000295986
124.75	0.00127306
124.8	0.00119479
124.85	0.000695443
124.9	0.00122637
124.95	0.00193753
125	0.000740209
125.05	0.000746741
125.1	0.000112945
125.15	6.39296e-05
125.2	0.000210838
125.25	0.00013653
125.3	7.03841e-05
125.35	0.000175035
125.4	0.000111253
125.45	0.00019583
125.5	0.000164711
125.55	6.10816e-05
125.6	-7.13988e-06
125.65	5.27345e-05
125.7	-0.000164406
125.75	0.000126976
125.8	0.000168065
125.85	0.000139342
125.9	4.7615e-05
125.95	-0.000169358
126	-0.000147908
126.05	-0.000302076
126.1	-0.000197241
126.15	-0.000318736
126.2	-0.000348977
126.25	-0.000260822
126.3	-0.000248478
126.35	-0.000309186
126.4	-0.000296013
126.45	-0.000150797
126.5	-7.00348e-05
126.55	-3.49346e-06
126.6	6.91486e-05
126.65	0.000210101
126.7	0.000190575
126.75	-0.000236639
126.8	8.63463e-05
126.85	7.14659e-05
126.9	1.32253e-05
126.95	-0.00010886
127	-0.000265981
127.05	-0.000257889
127.1	-0.000182163
127.15	-7.45108e-05
127.2	-2.83167e-05
127.25	-3.99524e-06
127.3	8.67835e-06
127.35	1.41575e-05
127.4	1.50841e-05
127.45	1.28495e-05
127.5	8.31014e-06
127.55	2.00239e-06
127.6	-5.73963e-06
127.65	-1.46529e-05
127.7	-2.46157e-05
127.75	-3.55593e-05
127.8	-4.75041e-05
127.85	-6.03552e-05
127.9	-7.41919e-05
127.95	-8.91073e-05
128	-0.000105232
128.05	-0.000122767
128.1	-0.000142027
128.15	-0.000163187
128.2	-0.000187822
128.25	-0.000216031
128.3	-0.000251092
128.35	-0.000297984
128.4	-0.00037367
128.45	-0.00125886
128.5	-0.000388294
128.55	-0.00032544
128.6	-0.00029131
128.65	-0.000268922
128.7	-0.000253115
128.75	-0.000241265
128.8	-0.000232249
128.85	-0.000225187
128.9	-0.00021974
128.95	-0.000215508
129	-0.000212136
129.05	-0.000209507
129.1	-0.000207464
129.15	-0.000205892
129.2	-0.000204683
129.25	-0.00020374
129.3	-0.000203034
129.35	-0.000202466
129.4	-0.000202015
129.45	-0.000201578
129.5	-0.000201123
129.55	-0.000200704
129.6	-0.000200174
129.65	-0.000199506
129.7	-0.000198731
129.75	-0.000197845
129.8	-0.000196802
129.85	-0.000195598
129.9	-0.000194219
129.95	-0.000192661
130	-0.000190953
130.05	-0.000189069
130.1	-0.000187001
130.15	-0.000184849
130.2	-0.000182517
130.25	-0.000180047
130.3	-0.000177458
130.35	-0.000174799
130.4	-0.000172058
130.45	-0.000169235
130.5	-0.000166375
130.55	-0.000163442
130.6	-0.000160503
130.65	-0.000157558
130.7	-0.000154617
130.75	-0.000151677
130.8	-0.000148766
130.85	-0.000145872
130.9	-0.000143035
130.95	-0.000140226
131	-0.000137508
131.05	-0.00013485
131.1	-0.000132276
131.15	-0.000129786
131.2	-0.000127401
131.25	-0.00012511
131.3	-0.000122934
131.35	-0.000120879
131.4	-0.000118958
131.45	-0.000117178
131.5	-0.000115551
131.55	-0.000114086
131.6	-0.000112795
131.65	-0.00011171
131.7	-0.000110818
131.75	-0.000110166
131.8	-0.000109764
131.85	-0.000109627
131.9	-0.000109807
131.95	-0.000110325
132	-0.000111205
132.05	-0.000112562
132.1	-0.000114329
132.15	-0.000116685
132.2	-0.0001197
132.25	-0.000123464
132.3	-0.000128134
132.35	-0.000133894
132.4	-0.000141005
132.45	-0.000149807
132.5	-0.000160861
132.55	-0.000175022
132.6	-0.000193615
132.65	-0.000219416
132.7	-0.000259166
132.75	-0.000334792
132.8	-0.000477341
132.85	-0.00028807
132.9	-0.000223018
132.95	-0.000181661
133	-0.000151067
133.05	-0.000126609
133.1	-0.000106403
133.15	-8.91706e-05
133.2	-7.46056e-05
133.25	-6.22252e-05
133.3	-5.21048e-05
133.35	-4.40581e-05
133.4	-3.84509e-05
133.45	-3.56453e-05
133.5	-3.63311e-05
133.55	-4.17263e-05
133.6	-5.40389e-05
133.65	-7.80945e-05
133.7	-0.000127983
133.75	-0.000322805
133.8	-0.000133344
133.85	-4.78203e-05
133.9	1.77983e-06
133.95	3.62429e-05
134	6.12838e-05
134.05	7.93079e-05
134.1	9.13209e-05
134.15	9.7797e-05
134.2	9.88215e-05
134.25	9.40969e-05
134.3	8.27608e-05
134.35	6.20598e-05
134.4	2.0554e-05
134.45	-0.000150545
134.5	4.3082e-05
134.55	0.000125816
134.6	0.000277097
134.65	0.000402803
134.7	-2.92254e-05
134.75	-0.000205435
134.8	-0.000240923
134.85	-0.00016236
134.9	-0.000136267
134.95	-0.000124287
135	-0.000118588
135.05	-0.000116475
135.1	-0.000116724
135.15	-0.000118718
135.2	-0.000122117
135.25	-0.000126708
135.3	-0.000132317
135.35	-0.000138865
135.4	-0.00014614
135.45	-0.000154073
135.5	-0.00016236
135.55	-0.000170764
135.6	-0.000178937
135.65	-0.000186521
135.7	-0.000193086
135.75	-0.000198256
135.8	-0.000201777
135.85	-0.000203564
135.9	-0.000203701
135.95	-0.000202527
136	-0.000200722
136.05	-0.000199622
136.1	-0.000202033
136.15	-0.000214417
136.2	-0.000256109
136.25	-0.000371267
136.3	-0.000555729
136.35	-0.000485096
136.4	-0.000481266
136.45	-0.000491946
136.5	-0.000508968
136.55	-0.000318118
136.6	-0.000222984
136.65	-0.000155509
136.7	-0.000103414
136.75	-6.20405e-05
136.8	-2.9265e-05
136.85	-3.90636e-06
136.9	1.46658e-05
136.95	2.67927e-05
137	3.26448e-05
137.05	3.22569e-05
137.1	2.5499e-05
137.15	1.19561e-05
137.2	-9.32871e-06
137.25	-4.05613e-05
137.3	-8.73109e-05
137.35	-0.000169496
137.4	-0.000376997
137.45	-0.000166108
137.5	-0.0001149
137.55	-9.08775e-05
137.6	-7.97602e-05
137.65	-7.70446e-05
137.7	-8.10305e-05
137.75	-9.1366e-05
137.8	-0.000108857
137.85	-0.000136103
137.9	-0.000180366
137.95	-0.000271995
138	-0.000331924
138.05	-0.000198034
138.1	-0.000144285
138.15	-0.000111347
138.2	-8.86652e-05
138.25	-7.22827e-05
138.3	-6.0364e-05
138.35	-5.18595e-05
138.4	-4.61779e-05
138.45	-4.29219e-05
138.5	-4.18791e-05
138.55	-4.29451e-05
138.6	-4.61161e-05
138.65	-5.15172e-05
138.7	-5.94542e-05
138.75	-7.05347e-05
138.8	-8.58751e-05
138.85	-0.000107882
138.9	-0.00014233
138.95	-0.000209029
139	-0.000412295
139.05	-0.000171788
139.1	-9.99011e-05
139.15	-5.51627e-05
139.2	-2.39806e-05
139.25	-2.75021e-06
139.3	8.89173e-06
139.35	8.15574e-06
139.4	-3.03059e-05
139.45	9.32132e-06
139.5	0.000155361
139.55	0.000279798
139.6	0.000115941
139.65	6.39558e-05
139.7	3.89382e-05
139.75	2.48751e-05
139.8	1.6965e-05
139.85	1.28753e-05
139.9	1.11975e-05
139.95	1.09926e-05
140	1.15855e-05
140.05	1.24552e-05
140.1	1.31829e-05
140.15	1.33861e-05
140.2	1.27e-05
140.25	1.07204e-05
140.3	6.97475e-06
140.35	8.40208e-07
140.4	-8.53076e-06
140.45	-2.24334e-05
140.5	-4.29723e-05
140.55	-7.41204e-05
140.6	-0.000125204
140.65	-0.000234481
140.7	-0.000273864
140.75	-0.000185486
140.8	-0.00020236
140.85	-0.000292455
140.9	-8.56893e-05
140.95	-3.71477e-06
141	4.66944e-05
141.05	7.84884e-05
141.1	9.58127e-05
141.15	0.000100322
141.2	9.25735e-05
141.25	7.25886e-05
141.3	3.98568e-05
141.35	-7.19741e-06
141.4	-7.2349e-05
141.45	-0.000167292
141.5	-0.000353856
141.55	-0.000367312
141.6	-0.000428388
141.65	-0.000347112
141.7	-0.000245683
141.75	-0.000199877
141.8	-0.000175562
141.85	-0.000163385
141.9	-0.000159297
141.95	-0.000160915
142	-0.000166508
142.05	-0.000174456
142.1	-0.000183076
142.15	-0.000190695
142.2	-0.000196025
142.25	-0.00019858
142.3	-0.000198982
142.35	-0.00019984
142.4	-0.000209848
142.45	-0.00027618
142.5	-0.000578742
142.55	-0.00025423
142.6	-0.000291514
142.65	-0.00043037
142.7	-0.000344419
142.75	-0.000282807
142.8	-0.000391153
142.85	-0.000183254
142.9	-5.84393e-05
142.95	1.77283e-05
143	6.7508e-05
143.05	9.58595e-05
143.1	0.000100578
143.15	2.31831e-05
143.2	0.000212566
143.25	0.000426102
143.3	0.000184407
143.35	0.000105602
143.4	5.88417e-05
143.45	2.06048e-05
143.5	-1.64878e-05
143.55	-5.81983e-05
143.6	-0.000113497
143.65	-0.000212927
143.7	-0.00028936
143.75	-0.000159099
143.8	-0.000112263
143.85	-8.69159e-05
143.9	-7.25801e-05
143.95	-6.56988e-05
144	-6.49225e-05
144.05	-6.9958e-05
144.1	-8.13133e-05
144.15	-0.000100522
144.2	-0.000131234
144.25	-0.000183804
144.3	-0.000318923
144.35	-0.000250442
144.4	-0.000156516
144.45	-0.000107688
144.5	-7.55508e-05
144.55	-5.4782e-05
144.6	-4.48796e-05
144.65	-4.67353e-05
144.7	-6.22628e-05
144.75	-9.64635e-05
144.8	-0.000169314
144.85	-0.000339877
144.9	-0.000136766
144.95	-7.50111e-05
145	-3.86259e-05
145.05	-1.41417e-05
145.1	2.43066e-06
145.15	1.19025e-05
145.2	1.25911e-05
145.25	-1.89213e-06
145.3	-6.11138e-05
145.35	-8.66204e-05
145.4	-8.98508e-05
145.45	-0.000165447
145.5	3.90484e-05
145.55	-2.02731e-05
145.6	-3.48873e-05
145.65	-2.33383e-05
145.7	-9.66719e-07
145.75	2.56267e-05
145.8	-4.65943e-06
145.85	1.19189e-05
145.9	-0.000220479
145.95	1.8116e-05
146	1.78115e-07
146.05	-4.1255e-06
146.1	-1.03523e-06
146.15	2.38439e-06
146.2	1.81433e-06
146.25	-5.53811e-06
146.3	-2.17662e-05
146.35	-4.90822e-05
146.4	-9.11989e-05
146.45	-0.000157876
146.5	-0.000303724
146.55	-0.000274317
146.6	-0.000201823
146.65	-0.000179038
146.7	-0.000172928
146.75	-0.000174466
146.8	-0.000178993
146.85	-0.000183258
146.9	-0.000184884
146.95	-0.000182417
147	-0.000175364
147.05	-0.000163923
147.1	-0.000148703
147.15	-0.000130405
147.2	-0.000109734
147.25	-8.74104e-05
147.3	-6.42051e-05
147.35	-4.09812e-05
147.4	-1.88695e-05
147.45	4.83867e-07
147.5	1.41561e-05
147.55	1.6182e-05
147.6	-1.01265e-05
147.65	-0.000227469
147.7	3.36855e-05
147.75	0.000123196
147.8	0.00016595
147.85	0.000176735
147.9	0.000150612
147.95	-2.74781e-05
148	6.20588e-05
148.05	7.86683e-05
148.1	-4.54598e-05
148.15	2.75214e-05
148.2	4.97826e-05
148.25	5.88358e-05
148.3	5.79954e-05
148.35	4.25542e-05
148.4	-6.43174e-06
148.45	-0.00024866
148.5	-0.000205114
148.55	-0.00014665
148.6	-0.000190441
148.65	-0.000154462
148.7	-0.000129633
148.75	-0.000135636
148.8	-0.000178713
148.85	-0.000100693
148.9	-0.000187648
148.95	-8.93766e-05
149	-8.19053e-05
149.05	-7.63351e-05
149.1	-7.64903e-05
149.15	-8.30766e-05
149.2	-9.67881e-05
149.25	-0.00011869
149.3	-0.000151013
149.35	-0.000197809
149.4	-0.000268579
149.45	-0.000408164
149.5	-0.00114124
149.55	-0.000351566
149.6	-0.000284617
149.65	-0.000268649
149.7	-0.000270161
149.75	-0.000290423
149.8	-0.00034879
149.85	-0.000514242
149.9	-0.00029209
149.95	-0.000217603
150	-0.000169171
150.05	-0.000132883
150.1	-0.000103798
150.15	-7.99912e-05
150.2	-6.01388e-05
150.25	-4.38465e-05
150.3	-3.08446e-05
150.35	-2.11744e-05
150.4	-1.53341e-05
150.45	-1.44258e-05
150.5	-2.07302e-05
150.55	-3.93211e-05
150.6	-8.33172e-05
150.65	-0.000209724
150.7	-0.000274905
150.75	-8.0026e-05
150.8	9.81141e-05
150.85	0.00019133
150.9	0.00020099
150.95	0.000603243
151	-8.5235e-05
151.05	-6.94551e-06
151.1	-2.21631e-05
151.15	0.000226291
151.2	0.000184397
151.25	0.000306706
151.3	0.000370225
151.35	5.43146e-06
151.4	0.00010365
151.45	0.000227584
151.5	0.000157088
151.55	0.000255472
151.6	0.000107802
151.65	-0.000163043
151.7	-3.0057e-05
151.75	-0.000259019
151.8	0.000355575
151.85	0.000134848
151.9	-9.67862e-05
151.95	7.54772e-05
152	-0.000260244
152.05	-0.000150627
152.1	-0.000323336
152.15	-6.14799e-05
152.2	5.76448e-05
152.25	0.000100727
152.3	-1.08189e-05
152.35	0.000143288
152.4	0.000475489
152.45	-5.31597e-05
152.5	-0.00031452
152.55	-0.00017989
152.6	-0.000121818
152.65	0.000201605
152.7	0.000258326
152.75	0.000145564
152.8	0.00023798
152.85	5.76076e-05
152.9	0.000254139
152.95	0.000274964
153	0.000278663
153.05	0.000266285
153.1	0.000272461
153.15	6.17225e-05
153.2	0.000849151
153.25	0.000937682
153.3	0.0012488
153.35	0.000837369
153.4	0.00154948
153.45	0.00136154
153.5	0.00148426
153.55	0.00152262
153.6	0.00207396
153.65	0.00154601
153.7	0.00200913
153.75	0.00248408
153.8	0.00242813
153.85	0.00215881
153.9	0.00275501
153.95	0.00285374
154	0.00199589
154.05	0.00375423
154.1	0.00428854
154.15	0.00228279
154.2	0.00185814
154.25	0.0027079
154.3	0.0029277
154.35	0.00281622
154.4	0.00219649
154.45	0.0025741
154.5	0.00247917
154.55	0.00140396
154.6	0.00133432
154.65	0.00159419
154.7	0.00262971
154.75	0.00254425
154.8	0.00204342
154.85	0.00320259
154.9	0.00296399
154.95	0.0020698
155	0.00253375
155.05	0.0028406
155.1	0.00313276
155.15	0.00227631
155.2	0.00293865
155.25	0.00389775
155.3	0.00188913
155.35	0.00287242
155.4	0.00307655
155.45	0.00326305
155.5	0.00346376
155.55	0.00265172
155.6	0.00263429
155.65	0.00294975
155.7	0.00323849
155.75	0.00273232
155.8	0.00357177
155.85	0.00231642
155.9	5.06528e-05
155.95	0.000129478
156	0.000195606
156.05	0.000936057
156.1	0.00302664
156.15	0.00346491
156.2	0.00319324
156.25	0.00297138
156.3	0.00437664
156.35	0.00438766
156.4	0.00476925
156.45	0.00442024
156.5	0.0036911
156.55	0.00408907
156.6	0.00439736
156.65	0.00426087
156.7	0.00548565
156.75	0.00570682
156.8	0.00551355
156.85	0.00430701
156.9	0.00466443
156.95	0.00430059
157	0.00474041
157.05	0.00459907
157.1	0.00440739
157.15	0.00238604
157.2	0.00269992
157.25	0.00401632
157.3	0.0051871
157.35	0.0027742
157.4	0.00409239
157.45	0.00359864
157.5	0.00355511
157.55	0.00472839
157.6	0.00377465
157.65	0.00400655
157.7	0.00350719
157.75	0.000171062
157.8	0.00266877
157.85	0.00392187
157.9	0.00365905
157.95	0.00378218
158	0.00453981
158.05	0.00391985
158.1	0.00343485
158.15	0.00500982
158.2	0.00527536
158.25	0.00450539
158.3	0.00444201
158.35	0.00381317
158.4	0.00448176
158.45	0.00155503
158.5	0.00387459
158.55	0.004215
158.6	0.00424852
158.65	0.00401956
158.7	0.00386864
158.75	0.00438395
158.8	0.00507769
158.85	0.00306269
158.9	0.00390739
158.95	0.00421467
159	0.00398536
159.05	0.00414629
159.1	0.0039422
159.15	0.0040864
159.2	0.00470366
159.25	0.00262797
159.3	0.00362362
159.35	0.00413215
159.4	0.00369188
159.45	0.00364343
159.5	0.00424364
159.55	0.0035314
159.6	0.00374284
159.65	0.00324281
159.7	0.0041249
159.75	0.00415483
159.8	0.00271233
159.85	0.00498852
159.9	0.00299803
159.95	0.00338964
160	0.00309182
160.05	0.00208065
160.1	0.00309508
160.15	0.00196109
160.2	0.000252704
160.25	-0.000180625
160.3	0.000191865
160.35	0.000111072
160.4	0.000481613
160.45	0.000310235
160.5	8.83428e-05
160.55	-3.4525e-05
160.6	-4.83487e-05
160.65	-1.05296e-05
160.7	-9.32292e-05
160.75	0.000125379
160.8	0.000222142
160.85	0.000454654
160.9	0.00030188
160.95	0.000181077
161	-0.00012418
161.05	0.00016559
161.1	0.000210478
161.15	0.000210378
161.2	0.000193723
161.25	0.000168133
161.3	0.000136159
161.35	9.86775e-05
161.4	5.57085e-05
161.45	6.46526e-06
161.5	-5.09879e-05
161.55	-0.000120522
161.6	-0.000207288
161.65	-0.000384611
161.7	-0.00059151
161.75	-0.000320299
161.8	-0.000262933
161.85	-0.000230932
161.9	-0.000203775
161.95	-0.000180724
162	-0.000165944
162.05	-0.000163182
162.1	-0.000175158
162.15	-0.00020548
162.2	-0.000263596
162.25	-0.000397826
162.3	-0.000395517
162.35	-0.000336214
162.4	-0.000365888
162.45	-0.000505951
162.5	-0.000281162
162.55	-0.000203836
162.6	-0.000154966
162.65	-0.000119528
162.7	-9.22268e-05
162.75	-7.04245e-05
162.8	-5.26893e-05
162.85	-3.7909e-05
162.9	-2.56055e-05
162.95	-1.52497e-05
163	-6.53632e-06
163.05	8.66528e-07
163.1	7.14237e-06
163.15	1.24397e-05
163.2	1.68907e-05
163.25	2.06125e-05
163.3	2.36958e-05
163.35	2.62068e-05
163.4	2.82197e-05
163.45	2.97914e-05
163.5	3.09691e-05
163.55	3.17916e-05
163.6	3.23041e-05
163.65	3.25361e-05
163.7	3.25144e-05
163.75	3.22518e-05
163.8	3.17848e-05
163.85	3.11179e-05
163.9	3.0274e-05
163.95	2.92659e-05
164	2.81218e-05
164.05	2.68397e-05
164.1	2.54476e-05
164.15	2.39729e-05
164.2	2.24132e-05
164.25	2.08308e-05
164.3	1.92141e-05
164.35	1.76504e-05
164.4	1.61724e-05
164.45	1.47959e-05
164.5	1.35523e-05
164.55	1.25603e-05
164.6	1.18046e-05
164.65	1.13129e-05
164.7	1.11354e-05
164.75	1.13126e-05
164.8	1.18169e-05
164.85	1.26864e-05
164.9	1.38788e-05
164.95	1.53671e-05
165	1.71278e-05
165.05	1.91376e-05
165.1	2.1281e-05
165.15	2.3573e-05
165.2	2.59925e-05
165.25	2.84999e-05
165.3	3.10153e-05
165.35	3.3523e-05
165.4	3.60435e-05
165.45	3.84981e-05
165.5	4.08907e-05
165.55	4.31868e-05
165.6	4.539e-05
165.65	4.75018e-05
165.7	4.94728e-05
165.75	5.13074e-05
165.8	5.3e-05
165.85	5.45181e-05
165.9	5.58767e-05
165.95	5.705e-05
166	5.80214e-05
166.05	5.87699e-05
166.1	5.928e-05
166.15	5.95289e-05
166.2	5.94965e-05
166.25	5.915e-05
166.3	5.84632e-05
166.35	5.73952e-05
166.4	5.59047e-05
166.45	5.39428e-05
166.5	5.14744e-05
166.55	4.84141e-05
166.6	4.46849e-05
166.65	4.01899e-05
166.7	3.48199e-05
166.75	2.84885e-05
166.8	2.09223e-05
166.85	1.1948e-05
166.9	1.25496e-06
166.95	-1.1655e-05
167	-2.73564e-05
167.05	-4.68361e-05
167.1	-7.1673e-05
167.15	-0.000105058
167.2	-0.000153331
167.25	-0.000240415
167.3	-0.000396837
167.35	-0.000229417
167.4	-0.000193948
167.45	-0.000203629
167.5	-0.000313625
167.55	-0.000212658
167.6	-0.000124757
167.65	3.49541e-06
167.7	-0.000470758
167.75	7.54331e-05
167.8	-0.000108789
167.85	-0.000103695
167.9	-0.000108766
167.95	-0.000108029
168	-0.000102148
168.05	-9.33265e-05
168.1	-8.38953e-05
168.15	-7.57171e-05
168.2	-7.08765e-05
168.25	-7.20707e-05
168.3	-8.3267e-05
168.35	-0.000111725
168.4	-0.000195726
168.45	-0.000436635
168.5	-2.23731e-05
168.55	0.000269074
168.6	-0.000112241
168.65	-4.7597e-06
168.7	-9.21192e-05
168.75	8.20661e-05
168.8	0.000204952
168.85	0.000156123
168.9	7.46224e-05
168.95	1.56277e-05
169	-4.11128e-05
169.05	-0.000148904
169.1	-0.000682165
169.15	-0.000117106
169.2	-0.000121207
169.25	-9.38958e-05
169.3	-5.81368e-05
169.35	-1.77194e-05
169.4	-1.65011e-05
169.45	2.95143e-05
169.5	-2.73911e-05
169.55	-6.5145e-05
169.6	-8.64229e-05
169.65	-2.89909e-05
169.7	-5.58451e-05
169.75	3.63805e-05
169.8	-4.14668e-05
169.85	-6.42806e-05
169.9	3.39365e-05
169.95	4.86989e-05
170	5.26489e-05
170.05	5.25363e-05
170.1	4.98099e-05
170.15	4.4807e-05
170.2	3.73967e-05
170.25	2.69467e-05
170.3	1.25248e-05
170.35	-7.8399e-06
170.4	-3.70816e-05
170.45	-8.29869e-05
170.5	-0.000170747
170.55	-0.000311093
170.6	-0.000162961
170.65	-0.000156285
170.7	-0.000436813
170.75	-7.22308e-05
170.8	2.75977e-05
170.85	9.00357e-05
170.9	0.000132444
170.95	0.000159459
171	0.000172082
171.05	0.000169707
171.1	0.000150812
171.15	0.000112806
171.2	5.08895e-05
171.25	-4.82649e-05
171.3	-0.000261604
171.35	-0.000271345
171.4	-0.000413005
171.45	-0.000184422
171.5	-0.000135112
171.55	-0.000131657
171.6	-0.000158441
171.65	-0.000165957
171.7	-0.000930294
171.75	-0.000218406
171.8	-0.000183645
171.85	-0.000153483
171.9	-2.1196e-05
171.95	-7.6243e-05
172	-0.000100935
172.05	-0.000111667
172.1	-0.000112979
172.15	-0.000107187
172.2	-9.56792e-05
172.25	-7.94382e-05
172.3	-5.96845e-05
172.35	-3.86071e-05
172.4	-2.00406e-05
172.45	-1.21141e-05
172.5	-3.83505e-05
172.55	-0.000188411
172.6	6.59503e-05
172.65	0.000149387
172.7	0.0001899
172.75	0.00020222
172.8	0.00019376
172.85	0.00015347
172.9	-9.89805e-06
172.95	4.98084e-05
173	-0.000318004
173.05	-0.00010238
173.1	-7.6219e-05
173.15	-0.000157467
173.2	-0.000270966
173.25	-0.000192061
173.3	-0.00036634
173.35	-8.73323e-05
173.4	-4.86425e-06
173.45	4.45738e-05
173.5	7.73725e-05
173.55	9.81098e-05
173.6	0.00010428
173.65	7.84268e-05
173.7	-0.000154822
173.75	6.00092e-05
173.8	-6.39673e-05
173.85	0.000393756
173.9	0.000395495
173.95	0.000492173
174	0.00017662
174.05	0.000360795
174.1	-4.22313e-05
174.15	0.00021602
174.2	-0.000310089
174.25	0.00048499
174.3	-0.000348517
174.35	4.38499e-05
174.4	7.4449e-05
174.45	-0.000288205
174.5	0.00010341
174.55	1.26642e-05
174.6	-0.000156586
174.65	-0.000164946
174.7	-0.000261289
174.75	-7.33886e-06
174.8	8.23399e-05
174.85	0.000275405
174.9	0.00072912
174.95	0.000846042
175	0.0014297
175.05	0.00133971
175.1	0.00205435
175.15	0.00180076
175.2	0.00141401
175.25	0.00107626
175.3	0.000951436
175.35	0.00281143
175.4	0.0031721
175.45	0.00210914
175.5	0.000824778
175.55	0.00210059
175.6	0.0026925
175.65	0.00155121
175.7	0.00228188
175.75	0.00159531
175.8	0.00242711
175.85	0.00235183
175.9	0.00238143
175.95	0.00175888
176	0.00198052
176.05	0.00251166
176.1	0.00160896
176.15	0.00153806
176.2	0.0010774
176.25	0.000978241
176.3	0.00133015
176.35	0.00295164
176.4	0.00144604
176.45	0.00140588
176.5	0.00139607
176.55	0.00162212
176.6	0.00209576
176.65	0.00188968
176.7	0.0029342
176.75	0.00317045
176.8	0.002328
176.85	0.000466259
176.9	0.0022274
176.95	0.00195306
177	0.00362096
177.05	0.00358146
177.1	0.00228563
177.15	0.00426601
177.2	0.0038409
177.25	0.00292636
177.3	0.00304039
177.35	0.00160278
177.4	0.00334618
177.45	0.00221434
177.5	0.00277937
177.55	0.00228008
177.6	0.00330534
177.65	0.00239462
177.7	0.00250931
177.75	0.00286602
177.8	0.0028098
177.85	0.00364184
177.9	-5.86776e-05
177.95	0.00304169
178	0.00295247
178.05	0.0028467
178.1	0.00331748
178.15	0.00296763
178.2	0.00365543
178.25	0.00359146
178.3	0.00242805
178.35	0.00285943
178.4	0.00394728
178.45	0.00307601
178.5	0.00244746
178.55	0.00395919
178.6	0.00253381
178.65	0.00366455
178.7	0.00335508
178.75	0.00345715
178.8	0.00286255
178.85	0.00265667
178.9	0.00221209
178.95	0.00242566
179	-3.66336e-05
179.05	0.000357049
179.1	0.000659887
179.15	-9.78372e-05
179.2	2.54593e-05
179.25	0.000489041
179.3	-0.000726979
179.35	-4.38262e-05
179.4	0.000159228
179.45	1.55747e-05
179.5	7.44667e-05
179.55	8.25714e-05
179.6	-0.000123715
179.65	0.000187217
179.7	0.000147468
179.75	8.66457e-06
179.8	-0.000248971
179.85	-0.000896346
179.9	-0.000309241
179.95	-0.000501849
180	-0.000224166
180.05	3.65642e-05
180.1	-0.000183151
180.15	-0.000482687
180.2	-9.14682e-05
180.25	-0.000208364
180.3	0.000150699
180.35	-0.000155086
180.4	-0.000110252
180.45	6.33625e-05
180.5	0.000105335
180.55	0.000102427
180.6	8.57564e-05
180.65	-0.000359354
180.7	1.88449e-07
180.75	-0.000217086
180.8	-0.000240515
180.85	-0.000183066
180.9	1.9538e-05
180.95	-1.67836e-05
181	2.4476e-05
181.05	1.09806e-05
181.1	-3.19618e-05
181.15	-0.000130375
181.2	-0.000134994
181.25	-9.98557e-06
181.3	5.39916e-05
181.35	0.000102801
181.4	0.000146277
181.45	0.000188848
181.5	0.00023286
181.55	0.000274995
181.6	0.000297122
181.65	0.000274765
181.7	0.000220137
181.75	0.00015364
181.8	6.80035e-05
181.85	-0.000195407
181.9	-1.37175e-05
181.95	-4.90897e-05
182	3.83943e-05
182.05	9.53179e-05
182.1	3.76118e-05
182.15	-2.83345e-05
182.2	-0.000113174
182.25	3.33735e-05
182.3	-0.000118503
182.35	-7.45499e-06
182.4	2.46671e-05
182.45	3.465e-05
182.5	-0.000111867
182.55	-2.57473e-05
182.6	-8.02191e-05
182.65	-7.82836e-05
182.7	-1.98423e-05
182.75	0.000106138
182.8	9.46698e-05
182.85	0.00010111
182.9	0.000107698
182.95	0.000103706
183	9.92139e-05
183.05	9.54805e-05
183.1	9.28563e-05
183.15	9.15898e-05
183.2	9.15648e-05
183.25	9.26126e-05
183.3	9.44022e-05
183.35	9.65057e-05
183.4	9.85185e-05
183.45	9.98381e-05
183.5	9.97948e-05
183.55	9.74461e-05
183.6	9.15359e-05
183.65	7.97305e-05
183.7	5.82256e-05
183.75	1.89617e-05
183.8	-6.13799e-05
183.85	-0.000242688
183.9	-0.000152491
183.95	-5.94169e-05
184	-6.41223e-05
184.05	-0.000106746
184.1	-0.00032956
184.15	-0.000154425
184.2	-0.000377637
184.25	-0.000213764
184.3	-0.000185414
184.35	-0.000170497
184.4	-0.000187781
184.45	-0.000240305
184.5	-0.000154529
184.55	9.59963e-05
184.6	0.000521465
184.65	-6.22022e-05
184.7	-0.000116762
184.75	-2.92661e-05
184.8	0.000174015
184.85	-6.00061e-06
184.9	-0.000232403
184.95	-5.52308e-05
185	0.000211302
185.05	0.000229808
185.1	0.000132694
185.15	0.000260964
185.2	0.00048444
185.25	5.15695e-05
185.3	3.80904e-06
185.35	0.000378308
185.4	0.000308342
185.45	0.000291709
185.5	1.81308e-05
185.55	0.000213513
185.6	0.000326232
185.65	0.000869899
185.7	0.000785544
185.75	0.000990306
185.8	0.00264791
185.85	0.00186235
185.9	0.00113556
185.95	0.000556957
186	0.00066225
186.05	0.00124771
186.1	0.00237514
186.15	0.00229197
186.2	0.00146675
186.25	0.000920694
186.3	0.000726541
186.35	0.00184868
186.4	0.00178766
186.45	0.00163915
186.5	0.00144029
186.55	0.00237196
186.6	0.00237186
186.65	0.00184474
186.7	0.00178262
186.75	0.00173923
186.8	0.00295913
186.85	0.00168338
186.9	0.00154791
186.95	0.00125618
187	0.00110227
187.05	0.00185891
187.1	0.00117846
187.15	0.00106834
187.2	0.00125049
187.25	0.00165539
187.3	0.00171293
187.35	3.51864e-05
187.4	0.00188474
187.45	0.00285065
187.5	0.00240142
187.55	0.00299181
187.6	0.00223368
187.65	0.00217924
187.7	0.00249047
187.75	0.00225735
187.8	0.00213562
187.85	0.00234816
187.9	0.00232174
187.95	0.00268295
188	0.00308368
188.05	0.00199355
188.1	0.00314127
188.15	0.00293362
188.2	0.00345305
188.25	0.00312144
188.3	0.00441821
188.35	0.00225855
188.4	0.00399119
188.45	0.00314925
188.5	0.00396674
188.55	0.00347462
188.6	0.00385704
188.65	0.00258079
188.7	0.0026173
188.75	0.00196827
188.8	0.000273003
188.85	0.000345134
188.9	0.000281953
188.95	0.000190745
189	-9.93582e-05
189.05	0.000496666
189.1	0.0001467
189.15	-0.0001837
189.2	-0.000152842
189.25	6.05722e-05
189.3	7.2934e-05
189.35	0.000166336
189.4	-0.000108994
189.45	-0.000218723
189.5	0.000167771
189.55	6.92961e-05
189.6	6.33451e-05
189.65	9.34051e-05
189.7	-9.25111e-05
189.75	-0.000101984
189.8	-0.0001122
189.85	5.34121e-05
189.9	6.15855e-05
189.95	-0.000515772
190	-7.53577e-05
190.05	4.46413e-05
190.1	0.000170569
190.15	0.000187603
190.2	5.53586e-06
190.25	-9.33156e-07
190.3	-1.84296e-06
190.35	-0.000146828
190.4	-0.000204888
190.45	0.000215426
190.5	0.000177554
190.55	9.8879e-05
190.6	2.85486e-05
190.65	-3.09785e-05
190.7	-7.09853e-05
190.75	-8.26033e-05
190.8	-5.62118e-05
190.85	-8.11533e-07
190.9	7.67888e-05
190.95	0.000149242
191	9.72792e-05
191.05	0.000325365
191.1	-9.81652e-05
191.15	-7.72923e-05
191.2	0.000275471
191.25	2.87484e-05
191.3	-0.000388238
191.35	0.000236982
191.4	0.000375851
191.45	0.000392336
191.5	0.000365053
191.55	0.000322073
191.6	0.0004322
191.65	0.000329003
191.7	0.000402169
191.75	0.000112231
191.8	5.90334e-05
191.85	0.000292641
191.9	0.000140779
191.95	0.000189355
192	-8.9869e-05
192.05	0.000304606
192.1	0.000664765
192.15	0.00118946
192.2	0.00140614
192.25	0.00129193
192.3	0.000976459
192.35	0.0018914
192.4	0.00217443
192.45	0.00133051
192.5	0.00110623
192.55	0.00145721
192.6	0.00163616
192.65	0.000586628
192.7	0.00211231
192.75	0.000639067
192.8	0.0016613
192.85	0.00138329
192.9	0.00132995
192.95	0.00224501
193	0.00250519
193.05	0.001701
193.1	0.00264346
193.15	0.00231989
193.2	0.00104428
193.25	0.00247375
193.3	0.00259695
193.35	0.000812932
193.4	0.00168821
193.45	0.00106054
193.5	0.0022266
193.55	0.00160123
193.6	0.00210646
193.65	0.00261454
193.7	0.00207075
193.75	0.00186158
193.8	0.00223238
193.85	0.00248265
193.9	0.00196001
193.95	0.00206956
194	0.00241551
194.05	0.00182961
194.1	0.00284596
194.15	0.00263458
194.2	0.000508495
194.25	0.00332465
194.3	0.00269858
194.35	0.00368857
194.4	0.000342105
194.45	1.12293e-05
194.5	-0.000133042
194.55	0.000415143
194.6	-3.80952e-05
194.65	-8.68391e-05
194.7	0.000240867
194.75	0.00017782
194.8	9.20623e-05
194.85	-0.000193544
194.9	7.08407e-05
194.95	0.000226314
195	-6.79405e-05
195.05	8.2015e-05
195.1	-3.57289e-06
195.15	-4.08692e-05
195.2	0.000113678
195.25	0.00013102
195.3	0.000102426
195.35	8.6023e-05
195.4	0.000115638
195.45	0.000189474
195.5	0.000244007
195.55	0.000157255
195.6	-6.42325e-05
195.65	0.000143218
195.7	-4.73603e-06
195.75	6.62172e-05
195.8	0.000437945
195.85	0.000514389
195.9	0.000441644
195.95	0.000608918
196	0.000559152
196.05	0.000398766
196.1	0.000648214
196.15	0.000298998
196.2	0.00108255
196.25	0.000626395
196.3	0.000285323
196.35	0.00198176
196.4	0.00064698
196.45	0.000790681
196.5	0.00195671
196.55	0.00164283
196.6	0.00135888
196.65	0.00144598
196.7	0.00143511
196.75	0.00174881
196.8	0.00140762
196.85	0.00139064
196.9	0.00238204
196.95	0.00228288
197	0.00153243
197.05	0.00250321
197.1	0.000965718
197.15	0.00203624
197.2	0.0013555
197.25	0.00230225
197.3	0.00179811
197.35	0.00255947
197.4	0.00246279
197.45	0.00126549
197.5	0.00187916
197.55	0.00151405
197.6	0.00235035
197.65	0.00220137
197.7	0.00155411
197.75	0.00198693
197.8	0.00167074
197.85	0.00209272
197.9	0.000240992
197.95	0.00041008
198	0.000128073
198.05	7.05289e-06
198.1	0.000654813
198.15	0.00015473
198.2	0.000240325
198.25	-7.73059e-05
198.3	0.000188479
198.35	-0.000148345
198.4	-0.00034335
198.45	-0.000106215
198.5	-0.000465628
198.55	0.000435664
198.6	0.000238658
198.65	0.000558074
198.7	0.000414725
198.75	7.58295e-05
198.8	-9.29401e-05
198.85	0.000449257
198.9	0.000345103
198.95	0.000901308
199	-8.31258e-05
199.05	0.000949939
199.1	0.00132332
199.15	0.00120597
199.2	0.00195751
199.25	0.00274154
199.3	0.00122384
199.35	0.00152658
199.4	0.0019614
199.45	0.00113766
199.5	0.00201814
199.55	0.00200469
199.6	0.0014215
199.65	0.00186309
199.7	0.00168106
199.75	0.000990587
199.8	0.00134157
199.85	0.0014563
199.9	0.00131533
199.95	0.00110876
200	0.00217128
200.05	0.00272593
200.1	0.00263138
200.15	0.00185166
200.2	0.0016644
200.25	0.000412326
200.3	0.000299765
200.35	2.20359e-05
200.4	0.000126678
200.45	-4.06909e-06
200.5	0.000112358
200.55	0.000117035
200.6	0.000335291
200.65	0.000369354
200.7	0.000330403
200.75	0.000100977
200.8	0.000460222
200.85	0.00150336
200.9	0.000703411
200.95	0.000951114
201	0.000978893
201.05	0.00200706
201.1	0.00145104
201.15	0.00239864
201.2	0.00221132
201.25	0.00178746
201.3	0.00181758
201.35	0.00110855
201.4	0.00121622
201.45	0.00168531
201.5	0.00215397
201.55	0.00157727
201.6	0.00216573
201.65	0.00139922
201.7	0.00263147
201.75	0.00181383
201.8	0.00179313
201.85	0.000486288
201.9	0.000198662
201.95	0.000297415
202	0.000248323
202.05	0.000277395
202.1	0.000373467
202.15	0.000406071
202.2	0.000676961
202.25	0.000931772
202.3	0.00107791
202.35	0.000394806
202.4	0.00237496
202.45	0.00250116
202.5	0.00138932
202.55	0.000664446
202.6	0.00177419
202.65	0.000678146
202.7	0.00229927
202.75	0.000866799
202.8	0.00164512
202.85	0.00170286
202.9	0.00220328
202.95	0.00196416
203	0.000187526
203.05	0.000116282
203.1	0.000167444
203.15	0.000438185
203.2	0.000227171
203.25	0.000290523
203.3	0.00100425
203.35	0.00117223
203.4	0.0025178
203.45	0.000713863
203.5	0.00227537
203.55	0.00127893
203.6	0.00106111
203.65	0.00230197
203.7	0.00113346
203.75	0.00136692
203.8	0.00220371
203.85	0.00219623
203.9	0.0001887
203.95	0.000360191
204	0.00063375
204.05	0.000640582
204.1	0.000528417
204.15	0.00156579
204.2	0.00165093
204.25	0.00110633
204.3	0.00159006
204.35	0.000853583
204.4	0.0021928
204.45	0.00151891
204.5	0.000901452
204.55	0.000254191
204.6	0.00056678
204.65	0.000350853
204.7	0.000397007
204.75	0.000476656
204.8	0.000882121
204.85	0.00154919
204.9	0.000578333
204.95	0.00181824
205	0.00152457
205.05	0.00132243
205.1	0.000628532
205.15	0.000627258
205.2	0.00151509
205.25	0.00128198
205.3	0.000759739
205.35	0.000984201
205.4	0.00184256
205.45	0.00144161
205.5	-5.73389e-05
205.55	0.000648168
205.6	0.00276088
205.65	0.00313144
205.7	0.00119842
205.75	0.00175238
205.8	0.00203551
205.85	-8.954e-05
205.9	0.000761946
205.95	0.00155613
206	0.00170075
206.05	0.00163921
206.1	0.000283758
206.15	0.000464858
206.2	0.00105567
206.25	0.00118573
206.3	0.00202476
206.35	0.000453206
206.4	0.000265255
206.45	0.000949272
206.5	0.000483491
206.55	0.000536815
206.6	0.000851755
206.65	0.00253963
206.7	0.000345302
206.75	0.000808581
206.8	0.00144678
206.85	0.00125598
206.9	0.000966963
206.95	0.000789089
207	0.000142021
207.05	0.000346275
207.1	0.00123123
207.15	0.00106795
207.2	0.000980519
207.25	0.000837063
207.3	0.000574105
207.35	0.000708209
207.4	0.00113091
207.45	0.000763829
207.5	0.00112045
207.55	0.000535838
207.6	0.000773118
207.65	0.000835134
207.7	0.00132946
207.75	0.000763955
207.8	0.00119051
207.85	0.00092393
207.9	0.000704958
207.95	0.000742947
208	0.000582329
208.05	0.000784997
208.1	0.000121387
208.15	0.000629206
208.2	0.000312276
208.25	-0.000322551
208.3	0.000178624
208.35	0.000177852
208.4	0.000190528
208.45	0.000233786
208.5	0.000317311
208.55	0.000309597
208.6	-0.000257406
208.65	-2.10691e-05
208.7	-2.35339e-05
208.75	6.22556e-05
208.8	0.000204615
208.85	0.000779482
208.9	0.000101961
208.95	3.26537e-05
209	0.000222459
209.05	0.00019368
209.1	0.000126435
209.15	4.6565e-05
209.2	-0.000187452
209.25	4.63831e-06
209.3	0.000105706
209.35	-4.40566e-05
209.4	-0.000241337
209.45	0.000111679
209.5	0.000154012
209.55	0.000139991
209.6	5.36504e-05
209.65	5.47101e-05
209.7	0.000169892
209.75	0.000226029
209.8	0.000325109
209.85	9.47813e-05
209.9	0.000234306
209.95	2.95767e-05
210	-0.000257756
210.05	-0.000269391
210.1	-0.000141535
210.15	-8.64106e-05
210.2	-9.12939e-05
210.25	-0.000314505
210.3	-3.36317e-05
210.35	7.08453e-05
210.4	0.000147181
210.45	0.000246166
210.5	0.000382337
210.55	0.000229312
210.6	8.11164e-05
210.65	-3.30022e-05
210.7	6.9532e-05
210.75	0.000147291
210.8	0.000161374
210.85	0.000152226
210.9	0.00013013
210.95	9.90464e-05
211	6.00518e-05
211.05	1.58714e-05
211.1	-0.000133827
211.15	-0.000132198
211.2	-0.000349047
211.25	-3.59504e-05
211.3	0.000131316
211.35	1.79011e-05
211.4	-1.37067e-05
211.45	-0.00030571
211.5	-0.000328248
211.55	-3.18401e-05
211.6	4.9644e-05
211.65	8.52732e-05
211.7	9.98789e-05
211.75	9.98505e-05
211.8	8.52949e-05
211.85	4.95202e-05
211.9	-4.06451e-05
211.95	-6.11794e-05
212	6.58202e-05
212.05	0.000123764
212.1	0.00016632
212.15	0.000212852
212.2	0.000302663
212.25	0.000361559
212.3	0.000213152
212.35	0.000225483
212.4	0.000159133
212.45	3.23645e-05
212.5	-0.000271621
212.55	-0.000195915
212.6	-0.000176433
212.65	-0.000205945
212.7	-0.000475765
212.75	-0.000217148
212.8	-0.000167937
212.85	-0.000149759
212.9	-0.000156144
212.95	-0.000207637
213	-0.000306765
213.05	-0.000115618
213.1	-3.33994e-05
213.15	2.6049e-05
213.2	7.79677e-05
213.25	0.000132634
213.3	0.000209569
213.35	0.000535415
213.4	0.000216667
213.45	0.000197597
213.5	0.000179111
213.55	9.63119e-05
213.6	-0.000118351
213.65	-0.000187635
213.7	-5.01498e-05
213.75	5.12578e-05
213.8	9.27965e-05
213.85	0.000111297
213.9	0.000117473
213.95	0.000115903
214	0.00010886
214.05	9.75742e-05
214.1	8.2748e-05
214.15	6.47524e-05
214.2	4.39172e-05
214.25	2.02882e-05
214.3	-5.36667e-06
214.35	-2.74477e-05
214.4	-7.73045e-05
214.45	-0.000203283
214.5	-0.000117256
214.55	-0.000149619
214.6	-0.000286764
214.65	4.76599e-06
214.7	4.14155e-05
214.75	-0.000142859
214.8	-4.20637e-05
214.85	-5.36511e-05
214.9	-0.00012252
214.95	-0.000421826
215	-0.000258546
215.05	-0.000320932
215.1	-0.000118987
215.15	-4.49475e-05
215.2	-2.28553e-06
215.25	2.49977e-05
215.3	4.27346e-05
215.35	5.36529e-05
215.4	5.91073e-05
215.45	5.96013e-05
215.5	5.50562e-05
215.55	4.47489e-05
215.6	2.69006e-05
215.65	-2.69287e-06
215.7	-5.67352e-05
215.75	-0.000232746
215.8	-7.93775e-05
215.85	5.90996e-06
215.9	5.47714e-05
215.95	9.10615e-05
216	0.000122589
216.05	0.000154521
216.1	0.000193192
216.15	0.000253685
216.2	0.000711139
216.25	0.000352145
216.3	6.32587e-05
216.35	0.000205802
216.4	0.000201558
216.45	0.000172779
216.5	0.000124466
216.55	5.43064e-05
216.6	-5.23398e-05
216.65	-0.000464937
216.7	-0.000135067
216.75	-0.000113339
216.8	-0.000227437
216.85	-0.000173491
216.9	-0.000169823
216.95	-0.000213617
217	-0.000293543
217.05	-0.000697118
217.1	-0.000317294
217.15	-0.000259446
217.2	-0.000232397
217.25	-0.000220633
217.3	-0.000221801
217.35	-0.000239676
217.4	-0.0002931
217.45	-0.000492832
217.5	-0.000239771
217.55	-0.000158422
217.6	-0.000103432
217.65	-5.96917e-05
217.7	-2.18102e-05
217.75	1.32125e-05
217.8	4.77872e-05
217.85	8.46967e-05
217.9	0.000128459
217.95	0.000190864
218	0.000397301
218.05	0.00022022
218.1	0.000165467
218.15	0.000135156
218.2	0.000167501
218.25	0.000158932
218.3	0.000130011
218.35	8.02194e-05
218.4	1.83539e-06
218.45	-0.000136418
218.5	-0.000319
218.55	-0.000338577
218.6	-0.000106926
218.65	-2.80578e-05
218.7	1.61636e-05
218.75	4.36784e-05
218.8	6.12799e-05
218.85	7.23422e-05
218.9	7.87649e-05
218.95	8.17278e-05
219	8.1966e-05
219.05	7.99925e-05
219.1	7.61509e-05
219.15	7.06877e-05
219.2	6.37749e-05
219.25	5.55448e-05
219.3	4.60908e-05
219.35	3.54772e-05
219.4	2.37614e-05
219.45	1.09814e-05
219.5	-2.8089e-06
219.55	-1.75114e-05
219.6	-3.27347e-05
219.65	-4.68465e-05
219.7	-5.46011e-05
219.75	-6.89767e-05
219.8	-0.000542744
219.85	-0.00016861
219.9	-0.000103747
219.95	-9.4106e-05
220	-9.77635e-05
