3.447144382852275157e+01
3.807495112126707681e+01
4.795594677302506170e+01
4.410445864503017219e+02
3.400820482309791259e+01
3.719751746426845784e+01
4.576659770638798364e+01
8.514977002158775576e+01
3.645087391265733459e+02
3.446929234187336988e+01
3.807679423519221018e+01
4.795635544079777901e+01
4.410443316110468004e+02
3.401687149658755516e+01
3.718924948346102610e+01
4.576409566391521366e+01
8.514993287406105082e+01
3.645095820727801765e+02
3.448019593531353166e+01
3.806553647206965252e+01
4.795680429522326449e+01
4.410443064962637436e+02
3.401806728019437287e+01
3.718844012846966507e+01
4.577514407375565497e+01
8.514997097961168038e+01
3.645083226986171212e+02
3.447058663210555096e+01
3.807568964467282058e+01
4.795611493253090885e+01
4.410443401911179535e+02
3.400694309214304667e+01
3.719895378397268360e+01
4.576560365506156813e+01
8.514992095361594693e+01
3.645091567394920276e+02
3.447899029223117395e+01
3.806696914419444511e+01
4.795652719817735488e+01
4.410443260893734987e+02
3.401734195722747245e+01
3.718892102604513639e+01
4.577412775620177854e+01
8.514984751620067982e+01
3.644986246071894129e+02
3.448110550021010567e+01
3.807468256380161620e+01
4.794679314465975040e+01
4.410535315365996212e+02
3.400866213285917183e+01
3.718805331394833047e+01
4.577594048769606161e+01
8.514989818229150842e+01
3.645086281286203302e+02
3.446965606575395213e+01
3.807649535095333704e+01
4.795629863408612437e+01
4.410436433673967258e+02
3.401671407770481892e+01
3.718934167071347474e+01
4.576441101347518270e+01
8.514974755176081089e+01
3.645094438907544827e+02
3.447996129228704376e+01
3.806583320358186029e+01
4.795675650457269512e+01
4.410431819387122232e+02
3.401796185272905859e+01
3.718849462768775993e+01
4.577499744300803286e+01
8.514964246513045509e+01
3.645083341564932198e+02
3.447069664764421759e+01
3.807558827416869462e+01
4.795607524142178590e+01
4.410449186507867125e+02
3.400718506706107291e+01
3.719866850355174392e+01
4.576578127609900548e+01
8.514970923714645323e+01
3.645088912514511321e+02
3.447886540001491085e+01
3.806712514760511112e+01
4.795653877496442874e+01
4.410428175325723714e+02
3.401734311216932838e+01
3.718892272927769227e+01
4.577412512724913540e+01
8.514980432779339026e+01
3.645079697087021486e+02
3.447175033873281791e+01
3.807469036548718577e+01
4.794677004994446179e+01
4.410536985358812672e+02
3.400866691565533984e+01
3.718805537572916364e+01
4.577593898510167492e+01
8.514991237461799756e+01
3.645086074363462103e+02
3.446965939769506804e+01
3.807649570177454734e+01
4.795628806117019849e+01
4.410438569545294740e+02
3.401671285373595310e+01
3.718935079158109147e+01
4.576444783397164429e+01
8.514982101518398849e+01
3.645094184557456174e+02
3.447993398879043525e+01
3.806586280758347129e+01
4.795675520010991022e+01
4.410438400534039829e+02
3.401791400259389775e+01
3.718853241560282186e+01
4.577494798145198729e+01
8.514986237082484877e+01
3.645082524609097163e+02
3.447081349974905606e+01
3.807550222708232468e+01
4.795606330722512212e+01
4.410441684847683064e+02
3.400723483875481179e+01
3.719862425984319998e+01
4.576583231960830744e+01
8.514995689101488097e+01
3.645089711230466492e+02
3.447880067172809504e+01
3.806718352874304401e+01
4.795648468138097087e+01
4.410440901398033020e+02
3.401724564525648020e+01
3.718899210527888499e+01
4.577399798097758321e+01
8.514996952423825860e+01
3.644989348115777830e+02
3.448090499336831272e+01
3.807453504363365937e+01
4.794712051918759244e+01
4.410535099188709864e+02
3.400895139601925621e+01
3.718814653183653718e+01
4.577576276235777186e+01
8.515011224651971133e+01
3.645085260097475839e+02
3.446988888134364970e+01
3.807629530730628176e+01
4.795625678054784657e+01
4.410434693168572267e+02
3.401659985946753295e+01
3.718940306414151564e+01
4.576464939601282822e+01
8.514949985379644204e+01
3.645093709191714879e+02
3.447977837293728953e+01
3.806604465084819822e+01
4.795669584573624888e+01
4.410442216379087768e+02
3.401781716944969958e+01
3.718861411237594439e+01
4.577479919826146215e+01
8.515007432388665620e+01
3.645082933109442820e+02
3.447102132553845877e+01
3.807531897297303658e+01
4.795602662324381527e+01
4.410441421141658793e+02
3.400752328378439415e+01
3.719828013259393629e+01
4.576605085546907503e+01
8.514963012394582620e+01
3.645089063716222881e+02
3.447864069557545008e+01
3.806737502802570816e+01
4.795645326793601271e+01
4.410440978402621113e+02
3.401713597935304279e+01
3.718905542675202014e+01
4.577385096908255946e+01
8.514974345861264737e+01
3.644993255930239684e+02
3.448074362483748700e+01
3.807440244698955212e+01
4.794740674446074991e+01
4.410445704001685954e+02
3.401837283690838376e+01
3.718823541371966712e+01
4.577557093283394352e+01
8.514998289136565290e+01
3.645084706090565305e+02
3.447009733333106851e+01
3.807612026777496794e+01
4.795620496728952276e+01
4.410438714422998601e+02
3.401648953029507538e+01
3.718949840735876933e+01
4.576496055738243740e+01
8.514982680675166193e+01
3.645092296904986142e+02
3.447952496887592133e+01
3.806635018553060945e+01
4.795666994873317890e+01
4.410431017178125330e+02
3.401770639766618842e+01
3.718866845859884052e+01
4.577465344672236824e+01
8.514985842060559662e+01
3.645080318964828621e+02
3.447113911638734862e+01
3.807522810446243966e+01
4.795603035179374274e+01
4.410428175764973275e+02
3.400750526221236214e+01
3.719828594956197776e+01
4.576602955903945258e+01
8.514956275500298943e+01
3.645088011303741951e+02
3.447867279456113465e+01
3.806735203297284897e+01
4.795647761113650631e+01
4.410435110928374343e+02
3.401718721443467075e+01
3.718902148709457833e+01
4.577390192097664112e+01
8.514971015778428409e+01
3.644990549900467158e+02
3.448083099868381396e+01
3.807447735260939226e+01
4.794724019928253256e+01
4.410446205463958904e+02
3.401841475939727388e+01
3.718819293174601626e+01
4.577563873197505018e+01
8.514987200260657119e+01
3.645085202953050612e+02
3.446999631889048032e+01
3.807620643051632214e+01
4.795622323449788382e+01
4.410439230424890411e+02
3.401653843429085100e+01
3.718946638628403889e+01
4.576484918161440874e+01
8.514982456006691791e+01
3.645092819911878905e+02
3.447961232181114610e+01
3.806624654593179002e+01
4.795666891704604495e+01
4.410436421318372595e+02
3.401774540565384086e+01
3.718865971728519071e+01
4.577469592893612571e+01
8.514990304987441050e+01
3.645081746412179200e+02
3.447111357298854273e+01
3.807524395328073297e+01
4.795600808455492370e+01
4.410442511089931941e+02
3.400768171455274569e+01
3.719810825878812466e+01
4.576616221104632132e+01
8.514965435401245486e+01
3.645089945445142803e+02
3.447853503621445270e+01
3.806749361925176345e+01
4.795642212677921634e+01
4.410445037613026216e+02
3.401705067956936546e+01
3.718910682279965840e+01
4.577374018360569607e+01
8.514984756086778361e+01
3.644993107484842767e+02
3.448060856144729769e+01
3.806507050742220599e+01
4.795689632060384611e+01
4.410428206344658975e+02
3.401837697654264048e+01
3.718821665241557639e+01
4.577556169133458752e+01
8.514966924776672386e+01
3.645085727458208567e+02
3.447004698037926573e+01
3.807613963655603584e+01
4.795620202484860783e+01
4.410454308813423268e+02
3.401643453167343978e+01
3.718954238819424063e+01
4.576510992812836776e+01
8.515011202575260540e+01
3.645091871354961768e+02
3.447938341432745801e+01
3.806650566815369530e+01
4.795663616868841927e+01
4.410429755834047683e+02
3.401762942811183166e+01
3.718870349215285387e+01
4.577452880232885946e+01
8.514955759316217154e+01
3.645082439472462283e+02
3.447124040443304693e+01
3.807512234649038874e+01
4.795595007848896785e+01
4.410456241744395811e+02
3.400805065507302061e+01
3.719769565057504224e+01
4.576649437360174488e+01
8.514991206696868176e+01
3.645087692514134687e+02
3.446919961317325942e+01
3.807688630274060415e+01
4.795638559641520260e+01
4.410433653922736994e+02
3.401695436622685520e+01
3.718917285987845389e+01
4.577359362808783771e+01
8.514966719410585938e+01
3.644997529259126168e+02
3.448042840525158681e+01
3.806526495952130063e+01
4.795685737379972124e+01
4.410437350560532650e+02
3.401821354127605446e+01
3.718832648066018010e+01
4.577535185418673791e+01
8.514968044503621059e+01
3.645083488065720303e+02
3.447028450487414375e+01
3.807595708934240974e+01
4.795616746738232905e+01
4.410428491540878895e+02
3.401643307201447897e+01
3.718952044215984643e+01
4.576504525980271865e+01
8.514949700059514726e+01
3.645092806305328850e+02
3.447945354998955736e+01
3.806642248149728402e+01
4.795661322784872027e+01
4.410449274178536143e+02
3.401759028578817379e+01
3.718877063938271021e+01
4.577448679501685547e+01
8.515014319352485472e+01
3.645080320328706875e+02
3.447137856335757533e+01
3.807501358532317681e+01
4.795596429822035134e+01
4.410430736655471264e+02
3.400791185446723830e+01
3.719783662670670310e+01
4.576636058502481319e+01
8.514962693247071002e+01
3.645088344114774372e+02
3.446906843444594415e+01
3.807699491296079941e+01
4.795639700743777212e+01
4.410441578347963514e+02
3.401698393489641603e+01
3.718915711620502407e+01
4.577363929993589409e+01
8.514974785864615114e+01
3.644996200389941805e+02
3.448046823806362227e+01
3.806522576572751859e+01
4.795687433356943075e+01
4.410435777568636695e+02
3.401826263719704002e+01
3.718830564265954308e+01
4.577541178706451319e+01
8.514988539632759057e+01
3.645084236993134255e+02
3.447026398938032798e+01
3.807597492224886082e+01
4.795616902531764936e+01
4.410441188537661219e+02
3.401639271766180173e+01
3.718956337319104932e+01
4.576518586205202155e+01
8.514995139150414616e+01
3.645091740999196190e+02
3.447932145887170918e+01
3.806657205513329245e+01
4.795660039571521338e+01
4.410439763354806928e+02
3.401756191870663315e+01
3.718877481676463503e+01
4.577443628772743978e+01
8.514983518561348319e+01
3.645081832622672664e+02
3.447139746339234989e+01
3.807497856076224707e+01
4.795594453388184775e+01
4.410448992990568513e+02
3.400819626265729312e+01
3.719752990972483531e+01
4.576659322061459534e+01
8.514975787511502858e+01
3.645087636330281384e+02
3.446928576975187752e+01
3.807679961848771200e+01
4.795636299157922622e+01
4.410439758318098029e+02
3.401687681584735401e+01
3.718922748151817359e+01
4.576401811561663635e+01
8.514959389275463764e+01
3.645095986316009657e+02
3.448027662225649692e+01
3.806545222712156828e+01
4.795682628272334114e+01
4.410440344823873602e+02
3.401812343647179659e+01
3.718840117420768365e+01
4.577522800714359619e+01
8.514999146282207221e+01
3.645083580294449348e+02
3.447049791472090874e+01
3.807576355524361134e+01
4.795613921004405711e+01
4.410442124961700756e+02
3.401625215008971281e+01
3.718964135703572538e+01
4.576547107670921832e+01
8.514971872912428807e+01
3.645090007811959367e+02
3.447912250185618177e+01
3.806682066473877057e+01
4.795658595871645957e+01
4.410433581269753631e+02
3.401745127500907984e+01
3.718883496694616042e+01
4.577429035249224398e+01
8.514971862567472272e+01
3.645080299878754886e+02
3.447154210867302027e+01
3.807486750981479418e+01
4.794635463359009009e+01
4.410542380763072288e+02
3.400836123849148862e+01
3.718794854346197098e+01
4.577611089574929792e+01
8.514974180387798697e+01
3.645085801471723244e+02
3.446940287054167129e+01
3.807671700199716724e+01
4.795635954369208775e+01
4.410426181749353418e+02
3.401688647348782979e+01
3.718921431750641204e+01
4.576397540881589521e+01
8.515911004884401336e+01
3.644999414364283439e+02
3.448031297889247071e+01
3.806540552141086664e+01
4.795682102622231469e+01
4.410436562289833091e+02
3.401816307455010246e+01
3.718836877951980568e+01
4.577527931245276704e+01
8.514993397652870044e+01
3.645083806709299097e+02
3.447042022594541777e+01
3.807582829175225925e+01
4.795614655701501761e+01
4.410444236776820617e+02
3.401629125617910177e+01
3.718962523341178894e+01
4.576540333507000469e+01
8.514971149730263278e+01
3.645091338833735790e+02
3.447915797041787300e+01
3.806675791955785826e+01
4.795655914921371732e+01
4.410443219930020859e+02
3.401744828019582201e+01
3.718886306516651530e+01
4.577428544544090983e+01
8.514997255410708021e+01
3.645080000019370345e+02
3.447160415232065134e+01
3.807482115145830903e+01
4.794648888743540738e+01
4.410535435006022453e+02
3.400838612392544746e+01
3.718796483677579090e+01
4.577611489121045452e+01
8.514985762847936712e+01
3.645087881699146237e+02
3.446945054702518973e+01
3.807666907842212822e+01
4.795633031743636820e+01
4.410437896684015868e+02
3.401680813221901190e+01
3.718926601657585707e+01
4.576417338021565229e+01
8.514952185885340441e+01
3.645095222125964938e+02
3.448016024861135520e+01
3.806559530981758144e+01
4.795678117964416742e+01
4.410440804713289253e+02
3.401805079997575376e+01
3.718845538925961591e+01
4.577512438590929378e+01
8.514994753625069279e+01
3.645083378738054307e+02
3.447061045047303196e+01
3.807566096576920245e+01
4.795611900354560930e+01
4.410442753389797872e+02
3.400696699261607137e+01
3.719891433234442957e+01
4.576560953308944590e+01
8.514973813047981821e+01
3.645091713504371000e+02
3.447898181900382042e+01
3.806697184206859674e+01
4.795652791560860351e+01
4.410441492096142611e+02
3.401733734918525442e+01
3.718892047875851858e+01
4.577413161436561495e+01
8.514974149926274549e+01
3.645079617255833000e+02
3.447173604350246023e+01
3.807470634584024083e+01
4.794675053947139531e+01
4.410532604174950393e+02
3.400858112273272127e+01
3.718802638210763689e+01
4.577598889451473951e+01
8.514994869849761017e+01
3.645086422029125970e+02
3.446959783240163233e+01
3.807654140416707378e+01
4.795630936714587733e+01
4.410434822458773851e+02
3.401675762364175171e+01
3.718930421426193789e+01
4.576430834160419181e+01
8.514951764569559600e+01
3.645095853853563312e+02
3.448003385659831110e+01
3.806573088857112452e+01
4.795675618125824258e+01
4.410442515261820517e+02
3.401795795267389622e+01
3.718850252045376692e+01
4.577499787647684570e+01
8.514974886561685707e+01
3.645083010119851679e+02
3.447072909044800326e+01
3.807557133660884574e+01
4.795608018388156779e+01
4.410447103884944227e+02
3.400717599209747277e+01
3.719866866817756090e+01
4.576577592499961611e+01
8.514965862559620291e+01
3.645091268047253834e+02
3.447884403156058397e+01
3.806712085998151451e+01
4.795649625285295770e+01
4.410446696908620652e+02
3.401723442169895861e+01
3.718899217031139415e+01
4.577399115140724462e+01
8.514979848892835435e+01
3.644989333169796737e+02
3.448092507912951987e+01
3.807455026412208099e+01
4.794710621362901293e+01
4.410527775786613347e+02
3.400881400004436728e+01
3.718809704098384827e+01
4.577581020380603150e+01
8.514962322168867104e+01
3.645086373941448983e+02
3.446975320276396815e+01
3.807640724234806839e+01
4.795627297744795214e+01
4.410444300955277868e+02
3.401663480498245917e+01
3.718939367803977802e+01
4.576462218207598198e+01
8.514979316545941401e+01
3.645093870946875541e+02
3.447978082914778497e+01
3.806603270303457975e+01
4.795671209307329264e+01
4.410439056027826155e+02
3.401783593017898966e+01
3.718858419981552288e+01
4.577481216494925320e+01
8.514971107954625040e+01
3.645082207508821739e+02
3.447093869704985991e+01
3.807539105032628868e+01
4.795603304960241076e+01
4.410445288853661623e+02
3.400746995437657461e+01
3.719836278074944858e+01
4.576602254049794283e+01
8.514989926954149269e+01
3.645087995693465928e+02
3.447867915316601284e+01
3.806735425515216775e+01
4.795650610497978050e+01
4.410421360425098101e+02
3.401724528880731668e+01
3.718897114423452877e+01
4.577399273499031551e+01
8.514961441674677189e+01
3.644988553640141618e+02
3.448098050337284803e+01
3.807458787158248015e+01
4.794701765463105403e+01
4.410534013563010376e+02
3.400882297885254957e+01
3.718809429058455862e+01
4.577580920138279907e+01
8.514971321479242761e+01
3.645086126055102795e+02
3.446976589792757295e+01
3.807639336782449391e+01
4.795626999760861509e+01
4.410439245410088915e+02
3.401665080139355268e+01
3.718937720633402932e+01
4.576456063182558864e+01
8.514957331067125779e+01
3.645095176943723345e+02
3.447982361401955131e+01
3.806597413058625534e+01
4.795668804661545437e+01
4.410452460382075515e+02
3.401778845839726273e+01
3.718862044718116522e+01
4.577477835428726394e+01
8.515002606149937492e+01
3.645080570083082421e+02
3.447102678488590755e+01
3.807532868922862690e+01
4.795604752177314367e+01
4.410428298184997402e+02
3.400735470045765396e+01
3.719847163312078919e+01
4.576588696124963462e+01
8.514954771283373702e+01
3.645090897734335158e+02
3.447874370103818364e+01
3.806723538067308255e+01
4.795646908011985943e+01
4.410449861451779725e+02
3.401716032037802506e+01
3.718904329692304600e+01
4.577388958906522021e+01
8.514982846769271418e+01
3.644991179941571318e+02
3.448078780916694086e+01
3.807444410746393260e+01
4.794733738011564128e+01
4.410528531089221360e+02
3.400903689287952147e+01
3.718816890836751554e+01
4.577567092757089995e+01
8.514969645794190001e+01
3.645085542852029903e+02
3.446992710743506905e+01
3.807625532634847332e+01
4.795623995289497543e+01
4.410448321076255525e+02
3.401651660577044822e+01
3.718946880020666867e+01
4.576487315943813883e+01
8.514981045226159040e+01
3.645092739497777075e+02
3.447959534695837647e+01
3.806626658563618548e+01
4.795666524989064783e+01
4.410436399797908962e+02
3.401773539719579276e+01
3.718866644860827364e+01
4.577468195058463607e+01
8.514991534520231653e+01
3.645082610317476792e+02
3.447112549570738338e+01
3.807521488923521247e+01
4.795600154144631233e+01
4.410450336652575061e+02
3.400781767095031682e+01
3.719795449340017512e+01
4.576630275759089272e+01
8.514983837911859155e+01
3.645088259616459254e+02
3.446900813326647040e+01
3.807704414347244892e+01
4.795640483398165088e+01
4.410444013180531329e+02
3.401700994247221388e+01
3.718914554100774694e+01
4.577366637866361998e+01
8.514996480666741263e+01
3.644997462125611492e+02
3.448046735563548282e+01
3.806522952976229135e+01
4.795685555761156138e+01
4.410443113274668576e+02
3.401820788870099932e+01
3.718832702246436384e+01
4.577534874003322329e+01
8.514982011151732877e+01
3.645084913685423089e+02
3.447033248361549340e+01
3.807591095998941455e+01
4.795614616722741630e+01
4.410446920743270312e+02
3.401633025358023588e+01
3.718960708500526380e+01
4.576533670879143756e+01
8.514992226783942897e+01
3.645091272941353964e+02
3.447921788720123004e+01
3.806670891903922893e+01
4.795658922489383258e+01
4.410434515191154787e+02
3.401750592373718973e+01
3.718880411041027401e+01
4.577436313609359786e+01
8.514967677014647052e+01
3.645080788531049620e+02
3.447144414186186623e+01
3.807494104310171679e+01
4.795593814586754888e+01
4.410447587871167343e+02
3.400824263786489610e+01
3.719747733470285311e+01
4.576662924328411464e+01
8.514971821325889323e+01
3.645088548081839690e+02
3.446933684026589617e+01
3.807676183916919399e+01
4.795634087332291529e+01
4.410448785682092421e+02
3.401681173736869823e+01
3.718927745077235159e+01
4.576418764238769654e+01
8.514990728031261824e+01
3.645094983044400578e+02
3.448012158236815594e+01
3.806562376719375607e+01
4.795680101306061260e+01
4.410438296425854787e+02
3.401804527633066755e+01
3.718845176286413334e+01
4.577511439454974607e+01
8.514989346587390173e+01
3.645082206222432433e+02
3.447061880069668405e+01
3.807568311673821881e+01
4.795612519998394419e+01
4.410427479588397546e+02
3.401627744428697042e+01
3.718963230404187925e+01
4.576542878980399109e+01
8.514968889368174132e+01
3.645091215387947159e+02
3.447914441987813916e+01
3.806679093613638543e+01
4.795657220114662778e+01
4.410435500015591970e+02
3.401745916364598088e+01
3.718883576743246522e+01
4.577429819352983031e+01
8.514968177338596433e+01
3.645080763396690600e+02
3.447152136787190102e+01
3.807487368989677634e+01
4.795592754414246883e+01
4.410449706490617245e+02
3.400838815390306991e+01
3.718796467165520880e+01
4.577609663669136353e+01
8.514982046640943736e+01
3.645086982115171850e+02
3.446944870110019110e+01
3.807667540453257971e+01
4.795632660241972189e+01
4.410439233912329655e+02
3.401681649476813618e+01
3.718928242054244038e+01
4.576421040610875934e+01
8.514995521740638651e+01
3.645094831226597307e+02
3.448011471473728307e+01
3.806566018825105857e+01
4.795679128417395987e+01
4.410428648556553526e+02
3.401808141944638919e+01
3.718842838320415467e+01
4.577516015348373912e+01
8.514982134000456426e+01
3.645082378466031514e+02
3.447054890806612093e+01
3.807574193028267473e+01
4.795613633052562363e+01
4.410428755827597342e+02
3.401630706156720407e+01
3.718961350884637795e+01
4.576536307584319729e+01
8.514970441999321338e+01
3.645092363381991163e+02
3.447917834266263526e+01
3.806673261855030432e+01
4.795657743784249760e+01
4.410447617066092789e+02
3.401744072075234726e+01
3.718886348209343851e+01
4.577427117065235507e+01
8.514998175358050503e+01
3.645080222822143696e+02
3.447160767937020864e+01
3.807480592404317576e+01
4.794653274449228775e+01
4.410533304015552858e+02
3.400838040169037413e+01
3.718794934290053789e+01
4.577607807231834158e+01
8.514957975910510868e+01
3.645088341668015346e+02
3.446940550438011996e+01
3.807668732748425100e+01
4.795632203722198028e+01
4.410450399770488730e+02
3.401676433955435641e+01
3.718930735335743520e+01
4.576429300659219734e+01
8.514972367299196776e+01
3.645096231237985194e+02
3.448004313600540627e+01
3.806573092755570542e+01
4.795676254242425784e+01
4.410442920034838608e+02
3.401796753608505242e+01
3.718850169323559385e+01
4.577500187847181223e+01
8.514981067428016104e+01
3.645082977712736465e+02
3.447072616094374098e+01
3.807556414110877085e+01
4.795608787333185319e+01
4.410440812734741485e+02
3.400709690900112037e+01
3.719875771882652771e+01
4.576571140158921480e+01
8.514962456561625004e+01
3.645090585010620998e+02
3.447890392939734738e+01
3.806705916114151478e+01
4.795650764691527002e+01
4.410446037053188775e+02
3.401728447961795609e+01
3.718896705248334911e+01
4.577404727011162322e+01
8.514992121954855975e+01
3.644988189350551693e+02
3.448097735078772530e+01
3.807459658224252053e+01
4.794698138220701367e+01
4.410535839813237544e+02
3.400883550575235859e+01
3.718809857680753339e+01
4.577582325023831800e+01
8.514985615760087967e+01
3.645086019911104813e+02
3.446977742807939649e+01
3.807638105584192090e+01
4.795625200694485102e+01
4.410445757285197033e+02
3.401660035256645642e+01
3.718940873706014827e+01
4.576466640066064429e+01
8.514964854229765479e+01
3.645093552307080245e+02
3.447976299496076535e+01
3.806606616395583842e+01
4.795669760428427253e+01
4.410439026671228930e+02
3.401782290125265718e+01
3.718860868614865467e+01
4.577480545511934906e+01
8.515001842743367888e+01
3.645081978168454953e+02
3.447098600026220083e+01
3.807534594443859532e+01
4.795604061312042177e+01
4.410438586341042537e+02
3.400745763542363420e+01
3.719836155840312131e+01
4.576598797101178207e+01
8.514970132091548294e+01
3.645089417434646748e+02
3.447867516128462739e+01
3.806731957203010097e+01
4.795643937712884508e+01
4.410447527984506451e+02
3.401714372169226408e+01
3.718906795175280422e+01
4.577386352242319845e+01
8.515000695179332979e+01
3.644993630637181923e+02
3.448070476108114235e+01
3.806495449543581344e+01
4.795691778525360860e+01
4.410433116385247558e+02
3.401840786114917137e+01
3.718819212962989695e+01
4.577560623866156675e+01
8.514963520591845736e+01
3.645085194550629240e+02
3.446999386305105872e+01
3.807620486355153844e+01
4.795622988979448564e+01
4.410437152659869753e+02
3.401653515189536847e+01
3.718945253733545542e+01
4.576480014948174357e+01
8.514956723243813030e+01
3.645093505150580313e+02
3.447963824099861085e+01
3.806619510872405954e+01
4.795667240858892910e+01
4.410445473566069268e+02
3.401772514678305015e+01
3.718866402155254036e+01
4.577467365941265598e+01
8.514996229149983265e+01
3.645081510159070604e+02
3.447115426839445718e+01
3.807520836530602537e+01
4.795600431377533823e+01
4.410443072881316766e+02
3.400774342732620426e+01
3.719804162019863725e+01
4.576623708941042423e+01
8.514993774759932421e+01
3.645089674928458408e+02
3.447846900395234115e+01
3.806757330827531405e+01
4.795641393991536461e+01
4.410443836122576613e+02
3.401702962853596546e+01
3.718913124452228658e+01
4.577369774546241388e+01
8.514988610468572006e+01
3.644995682649023365e+02
3.448052367789205164e+01
3.806516540888696909e+01
4.795687670819461346e+01
4.410432947533263359e+02
3.401830045678070746e+01
3.718826570516102947e+01
4.577545669564278796e+01
8.514964225815492682e+01
3.645084941103414167e+02
3.447016745412838645e+01
3.807604531501419842e+01
4.795617982189287432e+01
4.410446733681310434e+02
3.401639951026299968e+01
3.718954709667013958e+01
4.576512655368424021e+01
8.514969379940885119e+01
3.645091939040285069e+02
3.447938524608616717e+01
3.806650256182183512e+01
4.795662101163179614e+01
4.410438251711893827e+02
3.401759143752860837e+01
3.718874849940766580e+01
4.577448458928847685e+01
8.514971609410713427e+01
3.645080994337913580e+02
3.447131436041672714e+01
3.807506100655882619e+01
4.795596382900839671e+01
4.410444683430832811e+02
3.400800401740707457e+01
3.719774336140835658e+01
4.576643678135587834e+01
8.514969871792709455e+01
3.645087822104105726e+02
3.446913847629912198e+01
3.807693183360970579e+01
4.795638448154204525e+01
4.410440688827075064e+02
3.401695035863667727e+01
3.718917912998585962e+01
4.577359209381393157e+01
8.514974041719688103e+01
3.644997437638230622e+02
3.448041645332705230e+01
3.806529814127134159e+01
4.795685613961541094e+01
4.410433809638489038e+02
3.401823197869816795e+01
3.718831269838847220e+01
4.577536152707762085e+01
8.514964984956895933e+01
3.645085010623733979e+02
3.447028953410335816e+01
3.807593381169135682e+01
4.795613663885160349e+01
4.410456926171027590e+02
3.401629263884387910e+01
3.718961571334511973e+01
4.576538428917410783e+01
8.514975658807088621e+01
3.645091249124379829e+02
3.447918386629316956e+01
3.806674907362321392e+01
4.795657226978801191e+01
4.410438297688961029e+02
3.401748169100028463e+01
3.718883805221412331e+01
4.577432915123063140e+01
8.515000408500782214e+01
3.645080290619225707e+02
3.447153953634551726e+01
3.807486809647525661e+01
4.794638840321567841e+01
4.410538477571390104e+02
3.400833630372653715e+01
3.718795123533345759e+01
4.577615279180463403e+01
8.514993700606282800e+01
3.645088080465793610e+02
3.446942165019572712e+01
3.807669522048672661e+01
4.795632517815101892e+01
4.410443057246448006e+02
3.401681154884863645e+01
3.718928740348201245e+01
4.576422695725341327e+01
8.514986841747304425e+01
3.645096160506363958e+02
3.448009669512975961e+01
3.806566933947033249e+01
4.795677796637755819e+01
4.410441077560535632e+02
3.401800947636365891e+01
3.718846910085994750e+01
4.577505299248150550e+01
8.514973732427461073e+01
3.645083218606014270e+02
3.447065261643729173e+01
3.807562860491452739e+01
4.795609227108070627e+01
4.410447737622598652e+02
3.400710212363628671e+01
3.719877208163961768e+01
4.576572685354040004e+01
8.514993726997636259e+01
3.645091153044486418e+02
3.447888804337708279e+01
3.806709151252289303e+01
4.795651004803949036e+01
4.410444324163836427e+02
3.401727395283523947e+01
3.718897086335346103e+01
4.577403084558318369e+01
8.514984158234437928e+01
3.644988164191017859e+02
3.448098344195750542e+01
3.807458968256833032e+01
4.794700186021509580e+01
4.410533844622550532e+02
3.400882984764757566e+01
3.718810659044538625e+01
4.577583323293947615e+01
8.514992848117253743e+01
3.645084991162584629e+02
3.446978230040986091e+01
3.807640385717968456e+01
4.795629950740840286e+01
4.410423778145632241e+02
3.401671000896021724e+01
3.718933188568917103e+01
4.576440157496836036e+01
8.514957932470133528e+01
3.645094382675015368e+02
3.447997709459741600e+01
3.806581168613047339e+01
4.795674147005775012e+01
4.410440739867335651e+02
3.401794222756871022e+01
3.718852888428955339e+01
4.577497286305879243e+01
8.514994953275891021e+01
3.645081801520718727e+02
3.447079389190184884e+01
3.807552573658176698e+01
4.795609846874140203e+01
4.410424666431499645e+02
3.400694561557611451e+01
3.719890993330045603e+01
4.576558043892146088e+01
8.514952170770266093e+01
3.645089561335335020e+02
3.447903400714858435e+01
3.806692491777357645e+01
4.795655833787168376e+01
4.410432507906807587e+02
3.401740716959466226e+01
3.718886560958344489e+01
4.577422714210115373e+01
8.514974387374240905e+01
3.645078997860837262e+02
3.447161397465970367e+01
3.807481549415388145e+01
4.794652786199003458e+01
4.410530776053201407e+02
3.400833848796901293e+01
3.718793601272045635e+01
4.577612467095605098e+01
8.514961756448610686e+01
3.645088405204587616e+02
3.446937809689552523e+01
3.807671150460373610e+01
4.795632929433486424e+01
4.410455048305448145e+02
3.401676514599239454e+01
3.718931024873745628e+01
4.576430920034181327e+01
8.514975444288575090e+01
3.645094660732429475e+02
3.448003788004280068e+01
3.806573365550138988e+01
4.795677138178143650e+01
4.410443080301920418e+02
3.401794997917022556e+01
3.718850008855224587e+01
4.577498956798808649e+01
8.514970598189393058e+01
3.645082887230382767e+02
3.447073360244394280e+01
3.807556810203823261e+01
4.795607337343972176e+01
4.410444699302897789e+02
3.400716130822547711e+01
3.719870837216149084e+01
4.576577652010018937e+01
8.514989539652015083e+01
3.645089989002153743e+02
3.447886211061268114e+01
3.806712690106360242e+01
4.795651643484598026e+01
4.410431620724557433e+02
3.401730893310741521e+01
3.718893471642513759e+01
4.577408656378975138e+01
8.514964337731362320e+01
3.644986905221594498e+02
3.448107633882318623e+01
3.807466977351577953e+01
4.794680853039608337e+01
4.410543090575956739e+02
3.400878706449293531e+01
3.718808976074797101e+01
4.577585599594749510e+01
8.514980564505094662e+01
3.645085981053125579e+02
3.446974123036488891e+01
3.807642475518514402e+01
4.795627165678888559e+01
4.410439101796655450e+02
3.401666839511017315e+01
3.718938035992323421e+01
4.576455044336034916e+01
8.514992291521048173e+01
3.645093777824076824e+02
3.447983217652654275e+01
3.806597689661430195e+01
4.795673629082739353e+01
4.410436947489215527e+02
3.401786769300815649e+01
3.718855665795854293e+01
4.577488171047298238e+01
8.514983355745789595e+01
3.645082331071607769e+02
3.447088492321199737e+01
3.807544013072038069e+01
4.795604846131755039e+01
4.410442352996615227e+02
3.400734905188437551e+01
3.719849663469358347e+01
4.576592375242034905e+01
