2.425244681329022569e+02
2.894168610838096356e+01
7.462702946353965672e+01
2.427381175039736263e+02
2.896808459010571823e+01
7.683211179427598836e+01
2.430755367408783059e+02
2.903286511892292765e+01
8.136590988328316598e+01
2.438494675999936590e+02
2.913958450014615664e+01
1.088639565047596989e+02
2.498630170412252482e+02
2.979863498083068407e+01
2.739714748344413238e+02
2.727569397313345689e+01
4.467734934218606213e+01
2.390901809595306986e+02
2.803626925334901898e+01
5.201077305735452683e+01
2.396634795432255487e+02
2.835076011920318706e+01
5.653345600955071859e+01
2.401973749421340472e+02
2.850341250243945979e+01
5.941156285335091525e+01
2.405515790333374753e+02
2.859908137089951197e+01
6.133503109460798441e+01
2.408162099702822161e+02
2.864190293856881908e+01
6.270822230128396768e+01
2.409958584652486024e+02
2.867583549300252344e+01
6.372349327920528594e+01
2.411455099524428078e+02
2.870858296780716046e+01
6.452441707000980387e+01
2.412422766417512321e+02
2.873444093415673706e+01
6.516892346251188428e+01
2.413272912420943612e+02
2.875655218696920201e+01
6.570390366752690170e+01
2.414107279098061554e+02
2.876094619321520440e+01
6.616592267242594971e+01
2.414805028487899108e+02
2.877442960147163831e+01
6.657609636140477960e+01
2.415227221117020235e+02
2.878964054676544038e+01
6.694325728233161499e+01
2.415754751473468787e+02
2.878546752586044022e+01
6.728753363482974237e+01
2.416216721603195765e+02
2.879715340909751831e+01
6.760036596053032554e+01
2.416665737637376878e+02
2.880746035611082334e+01
6.788098359055948094e+01
2.417202224686225236e+02
2.881612328879782581e+01
6.816485098985867808e+01
2.417588508027874923e+02
2.882536956480544177e+01
6.845598040486220270e+01
2.417966047480877023e+02
2.882145502824641881e+01
6.873375496969674714e+01
2.418488314184432966e+02
2.883086687916147639e+01
6.901989127811248181e+01
2.418894860662476276e+02
2.883914755786827300e+01
6.932085122751595918e+01
2.419321452492004028e+02
2.884818252404147643e+01
6.964642641899990849e+01
2.419751192923176859e+02
2.885718518662906718e+01
6.999157656767783919e+01
2.420145884822195512e+02
2.886886353149748174e+01
7.036746556412617792e+01
2.420871314580654143e+02
2.886609685037910822e+01
7.081645008009218145e+01
2.421410369735640415e+02
2.889267276540340390e+01
7.132074893332901411e+01
2.422243972331380064e+02
2.889628982382419053e+01
7.195396403443373856e+01
2.423053588084185321e+02
2.891579724919211003e+01
7.276085478943059570e+01
2.424339695650378417e+02
2.893804934983563726e+01
7.385273870416131103e+01
2.426113076199071656e+02
2.895909722048600088e+01
7.552288666138701956e+01
2.428791090919257840e+02
2.899515263297143974e+01
7.850626537321295473e+01
2.433601652534562163e+02
2.906802517054893542e+01
8.636071435002668295e+01
2.447637775223265635e+02
2.924782297071214998e+01
3.041310817167468485e+02
2.768860812939965399e+01
4.830224012850521831e+01
2.394291958038447774e+02
2.821991648940456798e+01
5.440081657351402100e+01
2.399469767836053506e+02
2.843092718323168810e+01
5.803717184845299926e+01
2.403818152528619976e+02
2.854794733320159139e+01
6.040626917579356814e+01
2.407016441243831650e+02
2.860957387718372047e+01
6.204295160215406213e+01
2.408955700534643256e+02
2.866625234433740843e+01
6.322803258748899680e+01
2.410566221702101757e+02
2.869129832785984036e+01
6.413831643513549352e+01
2.411863809671776835e+02
2.872215093635168159e+01
6.484783311062346911e+01
2.412851765633604373e+02
2.873197303901542909e+01
6.544825655472232029e+01
2.413631699682009639e+02
2.875206936022732407e+01
6.593388646915991558e+01
2.414495684494613670e+02
2.875572333161835559e+01
6.637736845121253282e+01
2.415001427540482837e+02
2.876791659297305159e+01
6.675783703436900396e+01
2.415558887623701594e+02
2.877940787246188847e+01
6.710616435991687467e+01
2.416053356292977696e+02
2.879119644957972923e+01
6.743511941651377128e+01
2.416494782968438813e+02
2.880212978038616711e+01
6.772474314812279772e+01
2.416903640752934734e+02
2.881257263363659149e+01
6.802712712638458470e+01
2.417309880668108235e+02
2.882034055230906233e+01
6.830679433162731584e+01
2.417700473847799003e+02
2.882881413462746423e+01
6.858578202195349149e+01
2.418192078270658385e+02
2.882679345102951629e+01
6.886417783602519194e+01
2.418612361676787259e+02
2.884677931140322471e+01
6.915925509641965618e+01
2.419007460055581760e+02
2.884262059479806339e+01
6.948264922652015230e+01
2.419445533928010263e+02
2.885262810940912459e+01
6.980651322886842536e+01
2.419927124271998764e+02
2.886216007333860034e+01
7.015765904924774077e+01
2.420464373224967858e+02
2.887519416940631345e+01
7.057738024086575024e+01
2.420960140483075520e+02
2.888755009667511331e+01
7.104016977928404231e+01
2.421698494964439305e+02
2.890134343811223516e+01
7.160415554202336352e+01
2.422519492922510835e+02
2.890465424217109103e+01
7.230610545980744064e+01
2.423730492656904971e+02
2.891097236949281069e+01
7.323887034643848892e+01
2.425117184976988938e+02
2.894076153881178470e+01
7.455053743470489280e+01
2.427057821623311611e+02
2.898109638331516180e+01
7.667362380577833392e+01
2.430598515891470015e+02
2.902927556759823347e+01
8.101229744514421327e+01
2.437981695345952176e+02
2.911813578561122995e+01
1.026975274883370730e+02
2.482877586054310086e+02
2.965212023222557036e+01
2.784146010690601543e+02
2.731100835555844242e+01
4.497505279751203489e+01
2.391307149901840603e+02
2.805738632387510734e+01
5.222177287616796093e+01
2.396803406209728564e+02
2.836174897725868504e+01
5.667753599010029575e+01
2.402171005779091502e+02
2.849571650443976978e+01
5.949741230903600808e+01
2.405813082543681958e+02
2.858879192419408355e+01
6.139847944044595351e+01
2.408274921339179855e+02
2.864365362867101794e+01
6.275253029436134966e+01
2.410029165290616220e+02
2.867681325705780182e+01
6.376907248601492029e+01
2.411369373340639868e+02
2.871030144450924126e+01
6.455796370239113458e+01
2.412474129706097301e+02
2.872336602672294248e+01
6.519625574057135964e+01
2.413449136593917501e+02
2.874483459559269249e+01
6.572878176294034347e+01
2.414131053317687474e+02
2.876061445714731235e+01
6.619021743733901531e+01
2.414683418482090929e+02
2.877648012773715891e+01
6.659399105761985993e+01
2.415262421030784026e+02
2.878898920925712446e+01
6.695884517608647002e+01
2.415799772013997426e+02
2.878750574085279368e+01
6.728709030483878450e+01
2.416379078520185431e+02
2.879809519524860661e+01
6.760142808123782743e+01
2.416683031145876157e+02
2.880786986765451729e+01
6.789592685468232958e+01
2.417209675791746122e+02
2.881553997905575670e+01
6.818075496616074815e+01
2.417594290854103747e+02
2.881284333262010477e+01
6.847087076890602475e+01
2.417984568452229723e+02
2.881984976406238275e+01
6.874888753730192548e+01
2.418511868362838868e+02
2.883124944451992633e+01
6.903537147351744352e+01
2.418889526589846355e+02
2.884021152882633032e+01
6.933765053165552672e+01
2.419179056150678662e+02
2.884823708905605599e+01
6.966298609421210131e+01
2.419787196451216005e+02
2.885782915473828325e+01
7.000682356057222933e+01
2.420179633572843159e+02
2.886861814020085149e+01
7.038882560695492430e+01
2.420743064693306223e+02
2.888157612809300190e+01
7.082408335746004013e+01
2.421444546078200801e+02
2.889413837717438582e+01
7.134658625291194767e+01
2.422161521557791275e+02
2.889628266815270763e+01
7.198856161012372468e+01
2.423103971475356957e+02
2.891649249562033219e+01
7.279332493838592200e+01
2.424407688513529138e+02
2.894013204099610448e+01
7.390469315743393963e+01
2.426221376565081300e+02
2.896036873005505186e+01
7.561687578900455264e+01
2.428820143525808817e+02
2.899774710158817470e+01
7.866568303322856082e+01
2.433976480636629276e+02
2.906109577848110348e+01
8.699848446661781054e+01
2.448900827402903815e+02
2.925193691078311531e+01
3.019709999717015307e+02
2.765284933155635372e+01
4.792906971688353224e+01
2.393836923141643638e+02
2.820012505340127973e+01
5.417342977890803013e+01
2.398979568453214597e+02
2.843371062251389958e+01
5.788414030275453115e+01
2.403713339967871434e+02
2.854289381473790854e+01
6.030269996344577521e+01
2.406715447357200901e+02
2.861842451807751786e+01
6.196516559137671720e+01
2.408961307661156752e+02
2.866183020043536089e+01
6.316054602895019343e+01
2.410613704817296821e+02
2.869014188825531164e+01
6.408080670827621361e+01
2.411941570966373547e+02
2.870613265780411894e+01
6.481921115527802613e+01
2.412908668964810204e+02
2.873319449060363695e+01
6.541227226572664222e+01
2.413573532203372451e+02
2.875112741829070728e+01
6.591788041415566113e+01
2.414316815012716688e+02
2.876795829884213163e+01
6.634968650415248703e+01
2.414963792468770407e+02
2.877993992954725400e+01
6.673408885313983774e+01
2.415519361602055142e+02
2.878052435615245486e+01
6.708177305580466054e+01
2.416019238467051764e+02
2.880391396814229665e+01
6.740066862272942672e+01
2.416463475970376749e+02
2.880174437632376794e+01
6.771938236334244721e+01
2.416879707652115030e+02
2.881158616102038650e+01
6.800802082331938436e+01
2.417273352898555459e+02
2.882089538721629651e+01
6.828808126773219556e+01
2.417789484857130446e+02
2.881660405466391239e+01
6.857879631519608665e+01
2.418035092039935989e+02
2.883957808503328124e+01
6.885948972934420453e+01
2.418562907460654969e+02
2.883480001331190579e+01
6.915118321387853939e+01
2.418977393690220197e+02
2.884285810020810459e+01
6.946011283999541774e+01
2.419414635188950342e+02
2.885213061868853401e+01
6.978314075600792421e+01
2.419882819924387150e+02
2.886306328917271458e+01
7.014505420956265880e+01
2.420422105242614634e+02
2.887426511925150407e+01
7.054932562943577068e+01
2.421050016761437291e+02
2.887136090470448835e+01
7.101945414020883618e+01
2.421782699446557672e+02
2.888753558838652680e+01
7.156058445817325264e+01
2.422594693835490034e+02
2.890350373681576457e+01
7.226513972251996165e+01
2.423641796352312667e+02
2.891024590329470811e+01
7.317844862370111514e+01
2.425014471019167104e+02
2.893823221213824581e+01
7.446671811184205581e+01
2.427028261833911529e+02
2.896275283324212069e+01
7.653772524638770847e+01
2.430280011116701644e+02
2.902434459408686962e+01
8.066411137300019618e+01
2.437211031014885521e+02
2.911890063910686877e+01
9.859598428271419834e+01
2.473125334767537424e+02
2.955010552894964349e+01
2.821431993529113242e+02
2.734945752756902948e+01
4.530754377350967843e+01
2.391552892953914125e+02
2.808015143337252084e+01
5.245156888979545329e+01
2.397119653250992997e+02
2.835901009966619313e+01
5.681360090072848834e+01
2.402261333989736158e+02
2.851518701782333665e+01
5.958556883723940700e+01
2.405944163373933407e+02
2.859289093651750591e+01
6.146396254812134430e+01
2.408266339769033948e+02
2.864553000401065219e+01
6.279792435069975909e+01
2.410107635069434764e+02
2.867787735677848104e+01
6.380077553799492307e+01
2.411426257321581943e+02
2.871218954224605113e+01
6.457903367944527417e+01
2.412526777314778883e+02
2.873833329587068874e+01
6.521154639193264302e+01
2.413501545642211568e+02
2.874544436913856771e+01
6.575238698429893702e+01
2.414036866558308247e+02
2.876294479450734798e+01
6.621084440215781797e+01
2.414695337729936000e+02
2.877851117975660600e+01
6.661278759206470568e+01
2.415296620173467090e+02
2.878803534101461992e+01
6.696547637404000852e+01
2.415797919762990205e+02
2.880105869570979849e+01
6.730337132794375066e+01
2.416285675049293786e+02
2.879833739208697807e+01
6.761576162991696037e+01
2.416705815022723982e+02
2.880817516519164201e+01
6.791037721069005784e+01
2.417083576036820887e+02
2.881883771103457548e+01
6.819281508904532529e+01
2.417630338456510799e+02
2.882561955069832038e+01
6.847155292824027129e+01
2.418003876478323946e+02
2.883395020029274747e+01
6.875020174986275379e+01
2.418522286682855338e+02
2.883204342552926391e+01
6.905065117408230435e+01
2.418790663788386155e+02
2.883880221369327046e+01
6.935292385463253595e+01
2.419351307173055829e+02
2.884899096289882436e+01
6.966477805383328814e+01
2.419816238696075743e+02
2.885825406759977341e+01
7.001261633663671091e+01
2.420328243005060358e+02
2.885481812244688626e+01
7.040989352668111678e+01
2.420916029334766790e+02
2.886873556168575305e+01
7.084821956339874305e+01
2.421482509172055870e+02
2.889322413348418195e+01
7.136321104363014456e+01
2.422323549658322008e+02
2.889757307160471100e+01
7.199641387087467592e+01
2.423313063427485758e+02
2.891602840826089960e+01
7.282693458639550954e+01
2.424483173690969124e+02
2.892615934029163327e+01
7.397351145261200145e+01
2.426303505148971453e+02
2.894796086146379821e+01
7.569834709247516003e+01
2.429116677086421987e+02
2.900023206118203234e+01
7.884652764204656705e+01
2.434075038161245175e+02
2.907980611073435284e+01
8.766399699654721189e+01
2.450149739610642428e+02
2.928491051204036921e+01
2.999168601411511190e+02
2.761971459841879550e+01
4.758125433856912423e+01
2.393565497917006724e+02
2.818033477840072010e+01
5.395329729562217835e+01
2.398902106408640975e+02
2.841155364795122296e+01
5.775019433718989603e+01
2.403499485501815798e+02
2.853619126979901921e+01
6.021447026298847049e+01
2.406701475572335767e+02
2.861377669645298738e+01
6.189711804430407938e+01
2.408856748999969568e+02
2.866012589730962645e+01
6.311099779498181306e+01
2.410530692623287905e+02
2.870101295599306468e+01
6.404860333072429057e+01
2.411742272508854512e+02
2.871886580415593926e+01
6.478021856692794245e+01
2.412722639943967806e+02
2.874450263079779688e+01
6.538204729466815479e+01
2.413651415758213261e+02
2.875030254648299888e+01
6.589051928689877968e+01
2.414280572819843655e+02
2.876706570919486694e+01
6.632478732849995140e+01
2.414924952645960730e+02
2.878247607337834779e+01
6.672363592228794005e+01
2.415489533291547559e+02
2.878106053819647059e+01
6.706182569795055315e+01
2.416124682974914322e+02
2.879193138889968395e+01
6.739546591327234637e+01
2.416442402172979200e+02
2.880118482015677728e+01
6.770126583184173796e+01
2.416861433659796603e+02
2.881059286648815032e+01
6.799151400968548842e+01
2.417243038467277074e+02
2.882100689670187421e+01
6.827001214199117385e+01
2.417796520672563929e+02
2.882761271395429503e+01
6.854954590392298996e+01
2.418170149962970754e+02
2.883621282767853700e+01
6.884441517558298074e+01
2.418539355119282845e+02
2.883446109019860160e+01
6.913488402793882415e+01
2.418951426846761024e+02
2.884179815732932184e+01
6.944235592411132529e+01
2.419519344814762007e+02
2.885160685739538167e+01
6.976633764577854890e+01
2.419856075274292380e+02
2.886245197444804944e+01
7.013656428718240932e+01
2.420406106846930925e+02
2.885943669614789542e+01
7.053949501979514025e+01
2.421013694457069505e+02
2.887249000160954893e+01
7.099042380054015666e+01
2.421759920547774527e+02
2.888593391513859387e+01
7.154160085045441519e+01
2.422538406592211686e+02
2.890260509069776163e+01
7.223434814075881150e+01
2.423448236728290794e+02
2.892466592531127390e+01
7.313187357396236621e+01
2.424931962146511069e+02
2.893774667971592862e+01
7.439587977596966084e+01
2.426897463766072178e+02
2.897411846531031188e+01
7.640449689673550893e+01
2.430191642482095631e+02
2.902107084402814507e+01
8.039531953996629454e+01
2.436739216062560445e+02
2.911241360893473029e+01
9.626188458647811785e+01
2.467918008582637412e+02
2.947778863071289379e+01
2.847083010495553026e+02
2.738869780383538455e+01
4.554805102167301811e+01
2.391849192019290058e+02
2.808366096350073349e+01
5.262918152671772987e+01
2.397250117351359222e+02
2.837768571598280687e+01
5.690934192833083216e+01
2.402437826086388668e+02
2.851955906669900287e+01
5.966221917724760715e+01
2.405926551592274336e+02
2.859476787604216952e+01
6.151393040067341644e+01
2.408332670090021566e+02
2.864702773917815648e+01
6.282818176655564457e+01
2.410189827092399355e+02
2.869127132874564268e+01
6.382420440515852533e+01
2.411477513563877437e+02
2.871225907740881667e+01
6.460810563343693502e+01
2.412553461895149667e+02
2.872630556266813073e+01
6.523522925809083972e+01
2.413393694266123930e+02
2.874494795357168186e+01
6.577372084328089841e+01
2.414193111193162622e+02
2.876168445432267617e+01
6.621587212644226383e+01
2.414855767963454127e+02
2.876543348901032005e+01
6.662765656691044569e+01
2.415324634199932916e+02
2.877580005586787593e+01
6.699141083846916445e+01
2.415836265588877723e+02
2.878803559491643682e+01
6.731690612736565527e+01
2.416288446461694548e+02
2.879848661975120194e+01
6.762892914275289513e+01
2.416716623799729859e+02
2.880864398817357142e+01
6.792191297713725362e+01
2.417114512914413353e+02
2.881846115911321249e+01
6.820477235053840559e+01
2.417633721276506549e+02
2.881276025828265119e+01
6.849564345070393756e+01
2.418016425151436124e+02
2.882343490897619631e+01
6.877426649948756676e+01
2.418414378161105560e+02
2.883127907926973421e+01
6.906263569966540672e+01
2.418807627586793387e+02
2.883912458887789398e+01
6.936631651247444097e+01
2.419348995713226032e+02
2.884934562053240370e+01
6.968048478326818440e+01
2.419689778039755765e+02
2.885967754060402513e+01
7.003948891893378459e+01
2.420229283918015426e+02
2.886903501383494586e+01
7.041203494890942238e+01
2.420934935628320090e+02
2.886963296604517382e+01
7.086736127545009367e+01
2.421510191252164077e+02
2.888219864149868954e+01
7.138356668203778099e+01
2.422375171156163560e+02
2.889798563459771685e+01
7.202674385505088139e+01
2.423327897971466882e+02
2.890418839934864081e+01
7.286649634253990371e+01
2.424545993122737855e+02
2.892789321427699178e+01
7.401501554383139592e+01
2.426380934328772128e+02
2.895126664670533501e+01
7.577692985610337928e+01
2.429119459067296702e+02
2.900217513312236406e+01
7.899387527247017715e+01
2.434384316226060037e+02
2.906944889517035335e+01
8.829234856610128190e+01
2.451249980503052939e+02
2.929075506921799388e+01
2.982649420305533567e+02
2.758278980742034037e+01
4.732774685222830158e+01
2.393255158204701729e+02
2.817929081551847048e+01
5.377825620074872859e+01
2.398662447188689839e+02
2.841547455455292948e+01
5.764216968530672602e+01
2.403331547435955144e+02
2.853238843163126148e+01
6.014895205160428304e+01
2.406453599478700198e+02
2.861301290398114361e+01
6.184626331247272901e+01
2.408893393400066998e+02
2.864457156405842397e+01
6.309325886364968028e+01
2.410463584679091582e+02
2.868764864491822664e+01
6.402465104000293650e+01
2.411678539294516668e+02
2.871911799545341637e+01
6.476282447425182909e+01
2.412701028567826143e+02
2.872807837829168420e+01
6.537199383595725521e+01
2.413626547303720145e+02
2.874967314978130162e+01
6.586742912538466044e+01
2.414407120388787007e+02
2.876504878923879005e+01
6.630849810196377803e+01
2.414897896317270352e+02
2.878157585927692708e+01
6.670847467298153788e+01
2.415468641018815106e+02
2.877939548266294878e+01
6.706254505207471084e+01
2.415967073857173091e+02
2.879034458890964743e+01
6.737918164982693270e+01
2.416561616068356670e+02
2.880083008865767624e+01
6.768908052140614018e+01
2.416841484495816985e+02
2.881033449928509071e+01
6.797841841379704420e+01
2.417360651726048673e+02
2.880674544957582839e+01
6.827394731642561965e+01
2.417739511629188200e+02
2.881691933269030415e+01
6.855065730249043554e+01
2.418137285310222069e+02
2.882364966673776507e+01
6.884369139780756086e+01
2.418524034197471337e+02
2.883438189956359565e+01
6.912122705635556486e+01
2.418929679375723936e+02
2.884094955741602462e+01
6.944383643547189422e+01
2.419369004396721721e+02
2.885139190357585903e+01
6.976236328111554030e+01
2.419841936755692586e+02
2.886131458042655140e+01
7.011953003430971876e+01
2.420381614747893764e+02
2.885835923154081684e+01
7.052085047525179107e+01
2.420986958221328678e+02
2.888308756695187185e+01
7.096962709397485014e+01
2.421712681731587509e+02
2.888596704843803309e+01
7.152608006419904996e+01
2.422493939631094690e+02
2.888847629775409587e+01
7.220048133769887500e+01
2.423535610929393442e+02
2.892380764764675405e+01
7.308492504351306707e+01
2.424976303815637948e+02
2.893705401237821206e+01
7.433893542208534200e+01
2.426780357298848685e+02
2.897368707979330793e+01
7.632397748492076062e+01
2.429984052496292861e+02
2.900659190208534710e+01
8.018925275362562388e+01
2.436415205178054748e+02
2.910525181521370541e+01
9.465629904405795969e+01
2.464409182257659268e+02
2.944354860926978290e+01
2.867040552029502578e+02
2.740902231569634750e+01
4.577041293241200037e+01
2.391938077236409299e+02
2.809770860035496298e+01
5.277408087493677158e+01
2.397451528683450306e+02
2.837094598109251820e+01
5.701122642113477923e+01
2.402586995565216057e+02
2.852135637846367899e+01
5.971082919965556357e+01
2.406027097678306745e+02
2.859666855877730995e+01
6.155327812647738028e+01
2.408394120401499094e+02
2.864832525483507197e+01
6.287020116696658079e+01
2.410223648219980532e+02
2.868044982090941630e+01
6.385200160885869991e+01
2.411518132854835130e+02
2.871313600444409531e+01
6.461780359980184585e+01
2.412602220831031445e+02
2.873777098041318823e+01
6.525454277926473878e+01
2.413432493962463923e+02
2.874641679666819982e+01
6.577596120283124037e+01
2.414214808520628139e+02
2.876191839115926996e+01
6.623052328797348309e+01
2.414754082653817022e+02
2.877771057822974399e+01
6.662776571033464279e+01
2.415321936018590350e+02
2.879136359295807779e+01
6.699017356542753987e+01
2.415842031779611716e+02
2.878753172971482854e+01
6.732922156040149275e+01
2.416302620565838879e+02
2.879876856580085587e+01
6.763905003099353053e+01
2.416741499495983589e+02
2.880856861715437844e+01
6.791808118547487538e+01
2.417280475521838525e+02
2.881712206832889933e+01
6.820022032986162230e+01
2.417669652720796876e+02
2.882680921073188074e+01
6.849266418935440015e+01
2.418034227463940624e+02
2.882174728240352124e+01
6.878529772988986224e+01
2.418425849183986429e+02
2.883107318653492257e+01
6.907268264880985953e+01
2.418825817789038410e+02
2.883967715430480894e+01
6.937627836852334440e+01
2.419247520197677659e+02
2.884938154218252748e+01
6.968926120718242601e+01
2.419857418119354406e+02
2.885885016818065196e+01
7.004054390524106566e+01
2.420228393307625083e+02
2.887066937472263817e+01
7.042547909110726323e+01
2.420959704463748494e+02
2.886996594024822116e+01
7.088277905090944842e+01
2.421530630954366643e+02
2.888391372069600038e+01
7.140437070291955024e+01
2.422273933598044096e+02
2.889824962205602787e+01
7.205144210960133933e+01
2.423224319269647822e+02
2.891944283510383684e+01
7.288365476849139668e+01
2.424607124992908211e+02
2.894242308712273370e+01
7.404838110120908823e+01
2.426349297309934627e+02
2.896364301009452902e+01
7.582780718522553798e+01
2.429239527873578481e+02
2.900377002326422371e+01
7.911464804000570439e+01
2.434652338694286300e+02
2.907381587385316379e+01
8.883286646354827099e+01
2.452334468416520394e+02
2.930741865241725463e+01
2.969107280287134927e+02
2.755304992564197164e+01
4.712020177456724923e+01
2.393160725958878174e+02
2.816614273301092908e+01
5.364888663662713952e+01
2.398464512629579986e+02
2.840979177612462081e+01
5.754836957824591082e+01
2.403339721457741689e+02
2.852981540824112017e+01
6.009109234681818634e+01
2.406489663854590617e+02
2.859727692262094934e+01
6.181083707837387919e+01
2.408827736487437505e+02
2.865684840206813533e+01
6.305414709173783194e+01
2.410421584838186391e+02
2.868748763228359167e+01
6.399675797895179130e+01
2.411617631524422904e+02
2.871973589346453082e+01
6.473931687866570428e+01
2.412807726057362743e+02
2.872913534275721759e+01
6.535079563340696041e+01
2.413599538050766569e+02
2.874915876131854020e+01
6.586599770956672728e+01
2.414232355162821477e+02
2.876606876113510225e+01
6.630659107879910152e+01
2.414885991915070917e+02
2.877851359359920025e+01
6.669620090071111917e+01
2.415451595868507866e+02
2.877970210359490011e+01
6.705060894310008734e+01
2.415949905838933773e+02
2.878975571310729720e+01
6.738364770528278314e+01
2.416407559021463385e+02
2.880058991984697059e+01
6.767728239850839600e+01
2.416944881666131550e+02
2.879767125502985436e+01
6.798283890982565936e+01
2.417215479433943983e+02
2.882008363492786884e+01
6.826264344801893458e+01
2.417599062868248438e+02
2.882960425401688553e+01
6.854037154727848247e+01
2.418124794661125634e+02
2.882301673844631296e+01
6.883464090593042783e+01
2.418511731967155356e+02
2.883312538536847569e+01
6.912307093897834420e+01
2.418921769667213084e+02
2.884202014039328787e+01
6.941578063198539894e+01
2.419490868730208604e+02
2.885106905183056369e+01
6.975031070757540874e+01
2.419829477766470518e+02
2.886072406182938721e+01
7.010681088543788064e+01
2.420360112955386285e+02
2.887048376133316197e+01
7.049078783347795252e+01
2.421098444715607911e+02
2.887277694523800164e+01
7.096316632814705372e+01
2.421548910433339188e+02
2.889908134806319140e+01
7.150550173666852061e+01
2.422464444628712954e+02
2.890128743933746591e+01
7.217392718052724376e+01
2.423487070096889511e+02
2.892122403453686275e+01
7.306036239952663891e+01
2.424807350361079443e+02
2.893485982227139175e+01
7.429571646256954409e+01
2.426827183071873151e+02
2.895860648012603633e+01
7.624322066662716679e+01
2.429970838199078571e+02
2.900230854155961424e+01
8.001771745181758888e+01
2.436176720353541896e+02
2.910067228280240670e+01
9.351737597546889447e+01
2.462000724996905774e+02
2.942317961296066642e+01
2.882671577267174143e+02
2.742433968777186237e+01
4.595671354996738955e+01
2.392134604844031855e+02
2.810885661662905477e+01
5.288642256477032788e+01
2.397616354545752984e+02
2.837782766236341558e+01
5.707690020455629565e+01
2.402719155316590331e+02
2.852432764368131757e+01
5.975972022511996329e+01
2.406114064469584264e+02
2.859867323745856993e+01
6.158164877098170109e+01
2.408593556565756444e+02
2.864986820323974825e+01
6.288854288563015871e+01
2.410132366990437731e+02
2.869386120900162496e+01
6.386424198315944523e+01
2.411553647670079954e+02
2.871389112671022303e+01
6.463852915918687358e+01
2.412619811356707942e+02
2.872567187104141340e+01
6.527173574722837657e+01
2.413449057225079741e+02
2.874643499532248825e+01
6.578857118560699746e+01
2.414242731584818102e+02
2.876257326893392019e+01
6.624160762110841461e+01
2.414776007863401901e+02
2.877728019782807678e+01
6.663915499125141650e+01
2.415350977509515360e+02
2.877546152481227182e+01
6.699909667539759539e+01
2.416006383729982190e+02
2.878931518734316342e+01
6.732270115887513384e+01
2.416446304322162177e+02
2.879923183267237619e+01
6.763531684715417214e+01
2.416739251721301116e+02
2.880920947188860737e+01
6.792491900871391408e+01
2.417298571026185527e+02
2.881759310665074736e+01
6.820796931535005569e+01
2.417677259305492043e+02
2.882652135926764458e+01
6.850008363343658857e+01
2.418042169736872893e+02
2.882346512988442555e+01
6.877801712369546294e+01
2.418562681858602446e+02
2.883289916958892718e+01
6.906696639710571617e+01
2.418963668777723797e+02
2.884116593559156172e+01
6.937159691390115768e+01
2.419382551292073913e+02
2.884975463469163515e+01
6.969963506041676737e+01
2.419740883957711048e+02
2.885940722774830647e+01
7.005000450238003395e+01
2.420242931916727684e+02
2.887079316770541482e+01
7.043766264675650746e+01
2.420836794887145516e+02
2.888320744785596617e+01
7.088395065828808583e+01
2.421556333284534048e+02
2.888184703848673962e+01
7.142075169362942688e+01
2.422283243988640606e+02
2.889847832825034857e+01
7.207169276682543568e+01
2.423260359107516706e+02
2.891937421186594293e+01
7.291092774871503934e+01
2.424627831332909409e+02
2.893115633440902457e+01
7.406978915375657380e+01
2.426537574597459752e+02
2.895208258074126206e+01
7.588840236881515011e+01
2.429216484263597522e+02
2.900577117488137446e+01
7.922661031398456544e+01
2.434738444114336744e+02
2.907545662843040191e+01
8.928159192219027318e+01
2.453302794807823375e+02
2.930909740319475532e+01
2.958739687029737979e+02
2.754608718020608649e+01
4.696250078020966612e+01
2.392983186967903748e+02
2.815720314718782902e+01
5.354901619549491443e+01
2.398328226095763966e+02
2.840601552400039509e+01
5.749566804632195272e+01
2.403076298898376990e+02
2.854260102397529408e+01
6.003966825245879591e+01
2.406420654438261408e+02
2.860871998820221052e+01
6.177100111966137774e+01
2.408798868543235585e+02
2.865631413966184482e+01
6.302612118472461589e+01
2.410364857687090989e+02
2.869992148218443617e+01
6.397603552640066482e+01
2.411732259897107724e+02
2.870373898503021337e+01
6.473739743509213440e+01
2.412630049909639638e+02
2.874290355315315537e+01
6.533718758329632692e+01
2.413574372699076775e+02
2.874888417951297015e+01
6.585392109371605329e+01
2.414216677817457821e+02
2.876575955410953611e+01
6.629576261268812232e+01
2.414864838758658152e+02
2.877973156134248711e+01
6.668646782854921184e+01
2.415435373598302249e+02
2.877722885130788200e+01
6.705514321432565339e+01
2.415941979663912207e+02
2.879072830802761018e+01
6.735999746067682281e+01
2.416530248746566940e+02
2.880038844596128911e+01
6.767077726605930366e+01
2.416801657527103089e+02
2.881077044614357874e+01
6.797416643015458249e+01
2.417205607663490810e+02
2.881990016452618875e+01
6.825473316930583678e+01
2.417713596208486706e+02
2.881628943461691961e+01
6.853108263155445457e+01
2.418124031345651019e+02
2.883617017482174560e+01
6.881325468458817340e+01
2.418502610450377688e+02
2.884413076430791989e+01
6.910354626341722906e+01
2.418897865656763315e+02
2.885439994483022019e+01
6.940993333034566604e+01
2.419322872558259405e+02
2.885091321021900512e+01
6.975450346610159613e+01
2.419819473860843573e+02
2.886038162370095961e+01
7.009712794228107668e+01
2.420339129672211129e+02
2.887096859246958047e+01
7.049327072230516933e+01
2.420948688588978257e+02
2.886982213001465425e+01
7.094990905455779284e+01
2.421683276036055759e+02
2.888373813533689827e+01
7.148827783114393242e+01
2.422576625380897895e+02
2.890091414158814587e+01
7.215239650243893266e+01
2.423453352861106396e+02
2.892240462728659622e+01
7.303230973906465806e+01
2.424887354726670310e+02
2.893490729553741403e+01
7.426732858133618720e+01
2.426638372533780057e+02
2.897130802585161291e+01
7.618791295157279819e+01
2.429836160615668632e+02
2.900214587122900411e+01
7.990062596733332612e+01
2.435917603807174601e+02
2.909736052039079368e+01
9.275703160327975638e+01
2.460499186721863225e+02
2.939920140488538891e+01
2.893967468359332997e+02
2.744511653200606816e+01
4.608949637581827119e+01
2.392136626144638285e+02
2.811943583085667342e+01
5.298571727384114638e+01
2.397629420694429427e+02
2.837947419553529471e+01
5.715129785955650732e+01
2.402661095828225370e+02
2.852723920444259420e+01
5.980675618795794435e+01
2.406024105265096296e+02
2.860003447750932537e+01
6.161772573782945983e+01
2.408504615838464815e+02
2.865070030090282671e+01
6.291200989342178218e+01
2.410279453477123752e+02
2.868338943243725225e+01
6.388258783516357653e+01
2.411576413713919464e+02
2.871383152145426720e+01
6.465334804612211883e+01
2.412501230321067851e+02
2.874097076363977976e+01
6.526979463384486735e+01
2.413465433118690271e+02
2.874637738527962938e+01
6.579930623751715757e+01
2.414267738738271873e+02
2.876326761455857195e+01
6.625014358107000589e+01
2.414789588330604602e+02
2.877732560888398439e+01
6.664703877936699428e+01
2.415367715816828422e+02
2.877685122669208795e+01
6.700721758179133758e+01
2.415860812706523575e+02
2.880189436246291734e+01
6.733179481761180796e+01
2.416328194243542384e+02
2.879922311130212620e+01
6.764037813767208718e+01
2.416885493170411792e+02
2.880820692385896109e+01
6.793498230463592336e+01
2.417144439568801317e+02
2.881918660437804647e+01
6.822808427162817679e+01
2.417542934902303386e+02
2.882794544828357175e+01
6.850665265886345878e+01
2.418050645590119530e+02
2.882323034963337705e+01
6.878576579011860304e+01
2.418439565688313451e+02
2.884576171776279807e+01
6.907532862643711269e+01
2.418836912984261289e+02
2.885309153309208341e+01
6.938066333654569462e+01
2.419271337567188311e+02
2.884980770121910609e+01
6.970804101778776385e+01
2.419853288183803670e+02
2.884743417843128555e+01
7.005967607937054709e+01
2.420383736880321521e+02
2.885813527260324918e+01
7.044778592701186426e+01
2.420983263024245389e+02
2.887116464905557223e+01
7.089559086726512760e+01
2.421572440343152266e+02
2.888253901386633515e+01
7.143376821142737754e+01
2.422321359265479259e+02
2.889901497942628339e+01
7.207369051710702479e+01
2.423437884002923965e+02
2.890480171365197748e+01
7.293555542913964018e+01
2.424657038504956290e+02
2.893217087929951958e+01
7.410596543323481455e+01
2.426453360578452703e+02
2.896515594320953824e+01
7.591897273180074990e+01
2.429295397721289191e+02
2.900749966592411511e+01
7.932100395354791544e+01
2.434936264534189831e+02
2.907878882659133524e+01
8.971687755102175288e+01
2.454166734801547136e+02
2.931950319610768929e+01
2.949108198909671046e+02
2.753823714496684261e+01
4.681494384814868681e+01
2.392815526408958249e+02
2.814942485222127289e+01
5.346182193813729100e+01
2.398318852176889777e+02
2.840223450658959337e+01
5.743732270973850973e+01
2.403129676574026234e+02
2.852592478686710820e+01
6.000506837415741757e+01
2.406353696952864993e+02
2.860759835751377977e+01
6.175254111134563573e+01
2.408732568362029269e+02
2.865512412274256349e+01
6.300119691045256332e+01
2.410480711722048000e+02
2.868608607919304632e+01
6.396782852677279152e+01
2.411588001644122414e+02
2.871754770519328304e+01
6.471966204751515761e+01
2.412620782136509661e+02
2.874110309229581617e+01
6.532486069336300716e+01
2.413557839679997414e+02
2.874851523208781146e+01
6.584300879339571111e+01
