2.660883820143862977e+01
2.391213572146989463e+02
2.662046324683251441e+01
2.391076671521841490e+02
2.662239218239119509e+01
2.391192470401038008e+02
2.660883065614325460e+01
2.391213189901063743e+02
2.662046812793778372e+01
2.391077582756988704e+02
2.662238799820624990e+01
2.391192979102779645e+02
2.660884698337758891e+01
2.391212923492894333e+02
2.662046078806451987e+01
2.391077171044125862e+02
2.662239503755336045e+01
2.391193106553000689e+02
2.660885563783813268e+01
2.391211917048312898e+02
2.662046867244134774e+01
2.391077185842113977e+02
2.662239076718833530e+01
2.391193524774644175e+02
2.660884177924526739e+01
2.391212074329851021e+02
2.662047433639236260e+01
2.391075758132756164e+02
2.662241912220997619e+01
2.391191022139755660e+02
2.660876675841427641e+01
2.391212641817437543e+02
2.662051167224490200e+01
2.391076315441168845e+02
2.662244254560209811e+01
2.391191962332486582e+02
2.660872853604087140e+01
2.391213039083850163e+02
2.662052829270760412e+01
2.391075021898068371e+02
2.662246938596217660e+01
2.391192940053806524e+02
2.660870063697439036e+01
2.391212711755870259e+02
2.662054255023394944e+01
2.391074826616422797e+02
2.662249101537599927e+01
2.391193249936186476e+02
2.660866237262598588e+01
2.391212849733092298e+02
2.662056524125364376e+01
2.391074503626296064e+02
2.662249829030042747e+01
2.391194701472231827e+02
2.660864259316076641e+01
2.391213005437093670e+02
2.662056452353863278e+01
2.391075350626924774e+02
2.662250510442754603e+01
2.391193591135815950e+02
2.660862273396924138e+01
2.391214386978499533e+02
2.662056233542534756e+01
2.391075170577278186e+02
2.662250037448393414e+01
2.391194026596058393e+02
2.660863318195333704e+01
2.391213593095089891e+02
2.662056684358685743e+01
2.391075273063870554e+02
2.662250928991124965e+01
2.391193390469634323e+02
2.660862444412487093e+01
2.391213147714552179e+02
2.662058228744717781e+01
2.391073852855879522e+02
2.662252641003942699e+01
2.391194352972597699e+02
2.660859838784745079e+01
2.391214084916900902e+02
2.662058096644614125e+01
2.391075174793113547e+02
2.662251995686892769e+01
2.391193935010669520e+02
2.660859404670190997e+01
2.391213432010372344e+02
2.662058479787083343e+01
2.391074479967355728e+02
2.662253755373239983e+01
2.391194275883281080e+02
2.660858190636281506e+01
2.391213998464809265e+02
2.662059396970653324e+01
2.391073133823083481e+02
2.662254480977935600e+01
2.391193765492389502e+02
2.660854387352446793e+01
2.391213591695413925e+02
2.662061068384355167e+01
2.391074016540878802e+02
2.662255557999014854e+01
2.391194964315145626e+02
2.660853165129083209e+01
2.391213212424190715e+02
2.662061966408509761e+01
2.391072972349284100e+02
2.662257500926352805e+01
2.391194797687130631e+02
2.660850116660003550e+01
2.391214127083585481e+02
2.662062852046074113e+01
2.391072581483313115e+02
2.662259318341239123e+01
2.391194795706178411e+02
2.660848015360534191e+01
2.391213887048725155e+02
2.662064130307408050e+01
2.391073074763044133e+02
2.662260483809950529e+01
2.391194222670528688e+02
2.660844643819291377e+01
2.391214446438389132e+02
2.662065789101325208e+01
2.391071682576657622e+02
2.662262055627797963e+01
2.391194722209693282e+02
2.660840163462853525e+01
2.391214884072105633e+02
2.662067587098863441e+01
2.391071876439236803e+02
2.662264154301374219e+01
2.391194604318952770e+02
2.660837907049426576e+01
2.391215001416785526e+02
2.662068367912434042e+01
2.391072738392031169e+02
2.662263820807129377e+01
2.391195325590961147e+02
2.660837290472409222e+01
2.391215148094852339e+02
2.662068008238566108e+01
2.391072928413123009e+02
2.662263474676001351e+01
2.391195907478540903e+02
2.660839034876698861e+01
2.391214898970210925e+02
2.662068188865669072e+01
2.391071961922934861e+02
2.662264095294813160e+01
2.391195143854420166e+02
2.660838109689939301e+01
2.391214412751651253e+02
2.662068997434107587e+01
2.391071929357931367e+02
2.662265164187556366e+01
2.391195069789973786e+02
2.660834366669587325e+01
2.391215619899376179e+02
2.662069976831844542e+01
2.391070735596586019e+02
2.662267018719285261e+01
2.391194765049585840e+02
2.660830967307265382e+01
2.391214923202205682e+02
2.662071838924020994e+01
2.391071119958869531e+02
2.662268421714543365e+01
2.391196777045988711e+02
2.660831523709202884e+01
2.391215272235858720e+02
2.662071056484273868e+01
2.391072544705530163e+02
2.662267415015958250e+01
2.391195378321790486e+02
2.660831556683842791e+01
2.391214510547360987e+02
2.662072071053989930e+01
2.391071850107255159e+02
2.662268342877359828e+01
2.391195988128820318e+02
2.660830637000617571e+01
2.391214463872311171e+02
2.662072979912773008e+01
2.391071198344070581e+02
2.662270094538689591e+01
2.391194386052738992e+02
2.660824953151313821e+01
2.391215275406939327e+02
2.662074312523327535e+01
2.391071487098452053e+02
2.662271748275816208e+01
2.391194598468209733e+02
2.660822336473211180e+01
2.391215516851443681e+02
2.662075896382157225e+01
2.391070767015989986e+02
2.662273671415459830e+01
2.391195361814243370e+02
2.660819283459568396e+01
2.391216092382383067e+02
2.662077126686926931e+01
2.391069371970370412e+02
2.662275633233366534e+01
2.391195299255268765e+02
2.660816546656860737e+01
2.391214200854228693e+02
2.662080485733895330e+01
2.391069404901281814e+02
2.662278401575895259e+01
2.391196074629406212e+02
2.660809684401465347e+01
2.391217053848449723e+02
2.662081562323146500e+01
2.391069196169773932e+02
2.662279408093309030e+01
2.391196870215717354e+02
2.660809304848953616e+01
2.391217151711098268e+02
2.662080224974488374e+01
2.391070298480044585e+02
2.662277644759888062e+01
2.391196150160831166e+02
2.660810524205589900e+01
2.391216194281951175e+02
2.662081470622797497e+01
2.391069572540800436e+02
2.662278795791644370e+01
2.391196364726565662e+02
2.660808874924259726e+01
2.391215857049901388e+02
2.662081767448398750e+01
2.391070198502566200e+02
2.662280350433138665e+01
2.391195259766900563e+02
2.660805817002255935e+01
2.391216170086772763e+02
2.662083681181684369e+01
2.391067934646416688e+02
2.662283061749621993e+01
2.391196643453877186e+02
2.660800859127630247e+01
2.391216936870623613e+02
2.662084517472248990e+01
2.391069788391832844e+02
2.662283508641121443e+01
2.391196311296080239e+02
2.660800771618232829e+01
2.391216857382169110e+02
2.662085279142047511e+01
2.391068429185543209e+02
2.662284045583510306e+01
2.391196935827538255e+02
2.660799318513454637e+01
2.391217572568712058e+02
2.662085941559780622e+01
2.391067249641419039e+02
2.662285353480547201e+01
2.391197292728465982e+02
2.660797633555193897e+01
2.391217279993652483e+02
2.662086240480857668e+01
2.391068928550666897e+02
2.662285591164982179e+01
2.391195775463493192e+02
2.660795665115438169e+01
2.391216654295785702e+02
2.662088074099301593e+01
2.391067647578311153e+02
2.662287944734271150e+01
2.391197823527909350e+02
2.660795021508238278e+01
2.391217013853165554e+02
2.662088116204540711e+01
2.391068719387112651e+02
2.662287693426333135e+01
2.391197223859635415e+02
2.660794750957575161e+01
2.391217289848282235e+02
2.662087789946235716e+01
2.391067623720737174e+02
2.662288399630051572e+01
2.391197433733177604e+02
2.660793027798354160e+01
2.391217201440013014e+02
2.662088910409511300e+01
2.391067271257343236e+02
2.662288931724469876e+01
2.391197246053416166e+02
2.660790927239577286e+01
2.391218014680416672e+02
2.662089496818225598e+01
2.391067733597446932e+02
2.662289453484845581e+01
2.391196807328742580e+02
2.660789693219703622e+01
2.391217646392105962e+02
2.662090843900659820e+01
2.391066909733053762e+02
2.662291012638888787e+01
2.391197593947508722e+02
2.660787738233921118e+01
2.391217484229055117e+02
2.662091763287753565e+01
2.391065997511686874e+02
2.662292532077844953e+01
2.391196769981397665e+02
2.660783416048070649e+01
2.391217405017305282e+02
2.662093791866936954e+01
2.391067012858766248e+02
2.662293863398372196e+01
2.391197681411867961e+02
2.660781299060181482e+01
2.391218759043767932e+02
2.662093583934620256e+01
2.391066898943463457e+02
2.662294222180207726e+01
2.391197092373331543e+02
2.660781107019283809e+01
2.391216575559301418e+02
2.662095943105668994e+01
2.391065683769047610e+02
2.662296782665362116e+01
2.391198154988815077e+02
2.660776031178102130e+01
2.391218362156068906e+02
2.662096309799380833e+01
2.391066779273460270e+02
2.662297275517630624e+01
2.391196778332523536e+02
2.660774131874495652e+01
2.391218159079071484e+02
2.662097907285351539e+01
2.391065978205297142e+02
2.662298676026694011e+01
2.391197909150796477e+02
2.660771718584874179e+01
2.391217973124439595e+02
2.662098760408844100e+01
2.391065800915239379e+02
2.662300503178994404e+01
2.391198344895965420e+02
2.660770538376527838e+01
2.391218215236876858e+02
2.662099507567472756e+01
2.391065825735568069e+02
2.662300489688641392e+01
2.391198133581201546e+02
2.660768215160351247e+01
2.391219020455610007e+02
2.662099391200172249e+01
2.391066133329877630e+02
2.662299889458518010e+01
2.391199061271618120e+02
2.660770918874186464e+01
2.391219112932012649e+02
2.662098402915580664e+01
2.391065828394057462e+02
2.662300019153917674e+01
2.391197748967388179e+02
2.660770408360986039e+01
2.391218978304677876e+02
2.662099214844056405e+01
2.391065513178764377e+02
2.662300764591782354e+01
2.391197795857297024e+02
2.660768308739352506e+01
2.391218812584702391e+02
2.662100590324553195e+01
2.391064796664431924e+02
2.662301740152179264e+01
2.391198407443880569e+02
2.660767019241757225e+01
2.391218293529673247e+02
2.662101415755751077e+01
2.391065170780348126e+02
2.662303346191765741e+01
2.391198628779966384e+02
2.660765258109313436e+01
2.391219461226864951e+02
2.662100986437872052e+01
2.391065200558223296e+02
2.662303031544433907e+01
2.391198023233591812e+02
2.660764175196527503e+01
2.391218746564845787e+02
2.662102184483956080e+01
2.391065096688107587e+02
2.662304214388132095e+01
2.391198624094686238e+02
2.660763660466182046e+01
2.391218127738975454e+02
2.662103168797330000e+01
2.391064131375169381e+02
2.662305705895414576e+01
2.391198555400769692e+02
2.660759365215199068e+01
2.391218685465864837e+02
2.662105395540129393e+01
2.391063352784840390e+02
2.662307342137501109e+01
2.391198407371266512e+02
2.660754732912755571e+01
2.391217857436568011e+02
2.662108183598320466e+01
2.391062957837420981e+02
2.662311015943123493e+01
2.391198781380371656e+02
2.660748318175319582e+01
2.391220231468323618e+02
2.662108911349787377e+01
2.391063478525029495e+02
2.662312249607930426e+01
2.391198807507462334e+02
2.660746587025641929e+01
2.391219996812869795e+02
2.662110478646354750e+01
2.391062649417872308e+02
2.662313223670935258e+01
2.391199406100349734e+02
2.660745291502098553e+01
2.391219479794963263e+02
2.662111312791239470e+01
2.391063027391355718e+02
2.662314830713148694e+01
2.391198912790132454e+02
2.660741614004655275e+01
2.391220277947868453e+02
2.662112728576175869e+01
2.391062150624056812e+02
2.662315849079459440e+01
2.391199575789651135e+02
2.660739263768482488e+01
2.391220409845700487e+02
2.662113656029396225e+01
2.391061980468803085e+02
2.662316909685614519e+01
2.391199712764355354e+02
2.660738274549657945e+01
2.391220693330978975e+02
2.662113749925629236e+01
2.391061200814583572e+02
2.662318742249044590e+01
2.391200174800469540e+02
2.660735708182619419e+01
2.391221091473416891e+02
2.662114405182364862e+01
2.391062871048343368e+02
2.662317852592968848e+01
2.391200000063690823e+02
2.660737822767987382e+01
2.391220678898098413e+02
2.662113835789205041e+01
2.391063358612882439e+02
2.662316493057005573e+01
2.391200050757179270e+02
2.660738471375952940e+01
2.391221139327972196e+02
2.662112600669206586e+01
2.391062850906600943e+02
2.662316308381559793e+01
2.391199053695454495e+02
2.660738609579857439e+01
2.391220014702266781e+02
2.662114435124385636e+01
2.391061551282764412e+02
2.662318104197038338e+01
2.391199287501221988e+02
2.660735689083230682e+01
2.391218644075561315e+02
2.662116980769496877e+01
2.391061799025192158e+02
2.662320733444357757e+01
2.391199959251534892e+02
2.660729813942452893e+01
2.391220891544071492e+02
2.662117270869202912e+01
2.391062236270372523e+02
2.662321660316956695e+01
2.391200073474901728e+02
2.660730664565926418e+01
2.391220669673930388e+02
2.662117139209294692e+01
2.391062400824012002e+02
2.662320495636959095e+01
2.391200123592716409e+02
2.660729809421172831e+01
2.391220782448799582e+02
2.662117336533265188e+01
2.391061702854203759e+02
2.662322098707954865e+01
2.391199552261532517e+02
2.660727846086956561e+01
2.391220343342429260e+02
2.662119947995233815e+01
2.391059249610407278e+02
2.662325361222610809e+01
2.391200037589442218e+02
2.660721325446502306e+01
2.391221174033853458e+02
2.662121904897503555e+01
2.391060088012600318e+02
2.662326973042218015e+01
2.391199738832219737e+02
2.660717465459310915e+01
2.391221061521064257e+02
2.662123866977344733e+01
2.391060791890195105e+02
2.662327933064079843e+01
2.391200854453927604e+02
2.660716990611399524e+01
2.391220455885777483e+02
2.662124815955758095e+01
2.391059363252425101e+02
2.662330371337884571e+01
2.391200422678666655e+02
2.660710869576723780e+01
2.391222144968778593e+02
2.662126487858768087e+01
2.391059122592560016e+02
2.662331876381358597e+01
2.391200787162524648e+02
2.660708865709602833e+01
2.391221731363621075e+02
2.662127083048108034e+01
2.391059450721513713e+02
2.662333696441783104e+01
2.391201219318318181e+02
2.660707181564066559e+01
2.391222552293911576e+02
2.662127871553821024e+01
2.391059667659428669e+02
2.662332752838847227e+01
2.391200690725672757e+02
2.660706757169100456e+01
2.391222977238940075e+02
2.662127163205877878e+01
2.391060395581880584e+02
2.662331554420234170e+01
2.391201151400746312e+02
2.660709719844453502e+01
2.391222193947469350e+02
2.662127149463049136e+01
2.391058959341316950e+02
2.662332615190825891e+01
2.391200551409710897e+02
2.660706590997870080e+01
2.391221671213570517e+02
2.662128325577941723e+01
2.391058955120824976e+02
2.662335190063458867e+01
2.391201202701777220e+02
2.660703808594553266e+01
2.391221585100574885e+02
2.662131508064339869e+01
2.391056158087740187e+02
2.662338419748994056e+01
2.391200950028869556e+02
2.660695485657197423e+01
2.391221824460517382e+02
2.662134400951617863e+01
2.391056299124174984e+02
2.662342496743076481e+01
2.391200675682048313e+02
2.660686877400439698e+01
2.391222999653982697e+02
2.662137801622156985e+01
2.391056552764493972e+02
2.662345051224110648e+01
2.391201682720566168e+02
2.660683753892953973e+01
2.391222874320810661e+02
2.662139123670931440e+01
2.391055927947163582e+02
2.662347469982341863e+01
2.391202750966185704e+02
2.660680223256349564e+01
2.391223496107704705e+02
2.662140689992520493e+01
2.391056160774023738e+02
2.662348336502327584e+01
2.391202442278590752e+02
2.660678710593492724e+01
2.391223116363544250e+02
2.662141531899396796e+01
2.391056456381338648e+02
2.662349976044788491e+01
2.391201946500223130e+02
2.660675591044127941e+01
2.391224207300838316e+02
2.662142207994475029e+01
2.391056158266583225e+02
2.662350759637774900e+01
2.391202119916124502e+02
2.660673530479834881e+01
2.391223997000488453e+02
2.662143625608587172e+01
2.391055422933859518e+02
2.662351778463926166e+01
2.391202748028299538e+02
2.660672178072854877e+01
2.391223462775378721e+02
2.662145043305645231e+01
2.391056134204263799e+02
2.662352562638989184e+01
2.391202672356448602e+02
2.660670498941908590e+01
2.391223660811374430e+02
2.662145142923691310e+01
2.391055660206620814e+02
2.662354182342824060e+01
2.391202320533921011e+02
2.660666961730748881e+01
2.391224366579554044e+02
2.662146587368624751e+01
2.391054767909372458e+02
2.662355830347223673e+01
2.391203305407834705e+02
2.660665722495468799e+01
2.391224284942290979e+02
2.662147260908386670e+01
2.391054729521420086e+02
2.662355982211010996e+01
2.391203107309120242e+02
2.660664190017268993e+01
2.391223903916979907e+02
2.662148104912193958e+01
2.391055012788128806e+02
2.662357646187592763e+01
2.391203304523951374e+02
2.660662273822526913e+01
2.391224885315896245e+02
2.662148126645479351e+01
2.391054966062220046e+02
2.662357625372533221e+01
2.391202707298361929e+02
2.660660482519597281e+01
2.391224712791881757e+02
2.662149529738235287e+01
2.391054135311569553e+02
2.662358650055830367e+01
2.391203345618268941e+02
2.660659124283120036e+01
2.391224180359567981e+02
2.662150398193625733e+01
2.391054511938418727e+02
2.662360316434933338e+01
2.391203562324517407e+02
2.660656619255314581e+01
2.391225607679225504e+02
2.662150423337880056e+01
2.391053254087310052e+02
2.662360231201455463e+01
2.391203919398831204e+02
2.660656064930662978e+01
2.391224420313519659e+02
2.662151736396481283e+01
2.391052525248232996e+02
2.662362512368417811e+01
2.391203558406268712e+02
2.660651188249175902e+01
2.391224475682975026e+02
2.662154097121674567e+01
2.391053120694268728e+02
2.662364574729872402e+01
2.391204497043363517e+02
2.660648179112467915e+01
2.391224624447932001e+02
2.662155535920464899e+01
2.391053852709883358e+02
2.662364683208579663e+01
2.391204055904527195e+02
2.660646842564165127e+01
2.391224948488525115e+02
2.662156579496513586e+01
2.391051147450343706e+02
2.662367141699360218e+01
2.391204008868808160e+02
2.660641154879704118e+01
2.391225647711253259e+02
2.662157887284411117e+01
2.391052569029561710e+02
2.662368814078217838e+01
2.391203839055960998e+02
2.660639028956939001e+01
2.391225212380668381e+02
2.662159932049689814e+01
2.391051963005884318e+02
2.662371063724276610e+01
2.391203202677133959e+02
2.660633960316772573e+01
2.391224798796029063e+02
2.662161904339154717e+01
2.391052477994817309e+02
2.662374483281746507e+01
2.391201907766517252e+02
2.660625248662836384e+01
2.391227066703286255e+02
2.662164621110423468e+01
2.391051644780236529e+02
2.662375585362315178e+01
2.391205093987518921e+02
2.660626145247078966e+01
2.391226314006344182e+02
2.662164969756850041e+01
2.391051371356734307e+02
2.662377262342488393e+01
2.391204765839211177e+02
2.660624748704140075e+01
2.391226734920492163e+02
2.662165179070143495e+01
2.391051165690732887e+02
2.662377195054432377e+01
2.391203987967310240e+02
2.660621276134043001e+01
2.391226125318789855e+02
2.662167706023319624e+01
2.391051622476516059e+02
2.662378805139451288e+01
2.391204329056345159e+02
2.660618559530121274e+01
2.391226444923959207e+02
2.662168574756651651e+01
2.391049614577495959e+02
2.662381793663371354e+01
2.391204044820042327e+02
2.660612559491710272e+01
2.391227660422737245e+02
2.662170471408171579e+01
2.391050704824447166e+02
2.662382401432842016e+01
2.391205464771046536e+02
2.660613377350091469e+01
2.391226161142258206e+02
2.662171696459699888e+01
2.391050232991838129e+02
2.662383520962612238e+01
2.391205929284187732e+02
2.660611110291210935e+01
2.391227334269060520e+02
2.662171940508414991e+01
2.391049240002466831e+02
2.662384748127078637e+01
2.391205620714172255e+02
2.660609484932501800e+01
2.391226889539248077e+02
2.662173389211238828e+01
2.391049962520482950e+02
2.662385550217004493e+01
2.391205541865783744e+02
2.660607760118728038e+01
2.391227092478802660e+02
2.662173496119794436e+01
2.391049479187931865e+02
2.662387203591060825e+01
2.391205186557199340e+02
2.660604135757603217e+01
2.391227809288975550e+02
2.662174970074556768e+01
2.391048582960502245e+02
2.662388276297133416e+01
2.391205927713017445e+02
2.660602766105148476e+01
2.391227264078188455e+02
2.662175854988163337e+01
2.391048963179782731e+02
2.662389968290517572e+01
2.391206127081532031e+02
2.660600192227866501e+01
2.391228406039153924e+02
2.662176261674903799e+01
2.391048205549886916e+02
2.662389476220414508e+01
2.391206156278349226e+02
2.660599666826601606e+01
2.391228160567407031e+02
2.662177201660233550e+01
2.391047551774099702e+02
2.662391736298741307e+01
2.391205873202561634e+02
2.660595581249799579e+01
2.391228315388871124e+02
2.662178759041125886e+01
2.391048740160622401e+02
2.662392331506998744e+01
2.391206424698029878e+02
2.660595655253564473e+01
2.391229017146397382e+02
2.662177220301236957e+01
2.391049517531500896e+02
2.662390433014661539e+01
2.391205374327691970e+02
2.660597554866399150e+01
2.391225819817336742e+02
2.662180278752930462e+01
2.391047066679311683e+02
2.662394815843435936e+01
2.391206304660445312e+02
2.660588358690438326e+01
2.391228697164187906e+02
2.662181272200541571e+01
2.391047916886891471e+02
2.662396223688847385e+01
2.391205911711294902e+02
2.660586763024912216e+01
2.391228347735741409e+02
2.662182775465771556e+01
2.391046519173542038e+02
2.662398680009937380e+01
2.391206029988825321e+02
2.660581743610964622e+01
2.391229236352664884e+02
2.662184307011193596e+01
2.391046830483683152e+02
2.662399425696639810e+01
2.391206330248824088e+02
2.660580186681181658e+01
2.391228519030701136e+02
2.662186303155613132e+01
2.391045659783412702e+02
2.662402015773113817e+01
2.391206559782585828e+02
2.660574404851649888e+01
2.391228297802153975e+02
2.662188973101729061e+01
2.391046301633177791e+02
2.662404111480282154e+01
2.391207632790028583e+02
2.660572735048481263e+01
2.391229095417365897e+02
2.662189237978600431e+01
2.391046752407855820e+02
2.662403964914847165e+01
2.391207993875432294e+02
2.660572674038121477e+01
2.391230367945536273e+02
2.662187420824193396e+01
2.391046981413383037e+02
2.662402349774492905e+01
2.391206638985604513e+02
2.660575384143157862e+01
2.391227031155722216e+02
2.662190037639811635e+01
2.391046173909853678e+02
2.662406389130046591e+01
2.391206860035599675e+02
2.660568275325931609e+01
2.391230074838385917e+02
2.662190672941505909e+01
2.391045584750245325e+02
2.662407221092144027e+01
2.391207029071811121e+02
2.660566046444000676e+01
2.391229890504910145e+02
2.662192137117381208e+01
2.391044825993885752e+02
2.662408281018724665e+01
2.391207669081923086e+02
2.660564605207764544e+01
2.391230076768260915e+02
2.662192310951650143e+01
2.391045499026076868e+02
2.662409076627227478e+01
2.391207834790693596e+02
2.660564411047380418e+01
2.391228507496125530e+02
2.662194224869017489e+01
2.391045511322445236e+02
2.662409717842820100e+01
2.391207549514365382e+02
2.660559943693806417e+01
2.391231098147400189e+02
2.662193429615581408e+01
2.391044946723268367e+02
2.662410449839080684e+01
2.391207305578282103e+02
2.660559881973313168e+01
2.391230230129149277e+02
2.662194908884703182e+01
2.391044211378612090e+02
2.662412142363609746e+01
2.391208219596010167e+02
2.660558560161734931e+01
2.391230158463295083e+02
2.662195609300397336e+01
2.391044170236273203e+02
2.662412310185027309e+01
2.391208017853205092e+02
2.660556945955613628e+01
2.391229777006374206e+02
2.662196496446267702e+01
2.391044467604369856e+02
2.662414015000103973e+01
2.391207523283956107e+02
2.660553012852324173e+01
2.391230618114059325e+02
2.662197984693921171e+01
2.391043553998752031e+02
2.662415102508384734e+01
2.391208272897929419e+02
2.660551625865628012e+01
2.391230063737602904e+02
2.662198885448742658e+01
2.391043933808396105e+02
2.662416821680380963e+01
2.391208286669279914e+02
2.660548910123179667e+01
2.391231768549769185e+02
2.662198326573707163e+01
2.391044155393319670e+02
2.662415198414237238e+01
2.391207788145693485e+02
2.660549319288111292e+01
2.391229349588975310e+02
2.662199831317411736e+01
2.391043718323926441e+02
2.662418817894649692e+01
2.391208635845396202e+02
2.660545287837157957e+01
2.391231542920868378e+02
2.662200693311751820e+01
2.391043911982851569e+02
2.662417442904552445e+01
2.391208416462759487e+02
2.660546268499456346e+01
2.391230575748777483e+02
2.662201142814592458e+01
2.391043509637238458e+02
2.662419202676392160e+01
2.391207465348998085e+02
2.660542008673655801e+01
2.391230813828005921e+02
2.662203773923101835e+01
2.391187837847101036e+02
2.660949463231372647e+01
2.391208957879280206e+02
2.660535178586724214e+01
2.391231869566545356e+02
2.662205548840574920e+01
2.391188960898725782e+02
2.660946712773875333e+01
2.391208507260016631e+02
2.660531604109564796e+01
2.391229809644864872e+02
2.662208908208413050e+01
2.391189773420919664e+02
2.660940807612496428e+01
2.391208419611793943e+02
2.662022446611081250e+01
2.391082735210948158e+02
2.662210429535480216e+01
2.391190339362074155e+02
2.660937826885492541e+01
2.391208740167494398e+02
2.662023739280994050e+01
2.391080521102994680e+02
2.662214523641159758e+01
2.391189079502364621e+02
2.660929305531317368e+01
2.391210361062549055e+02
2.662025577700114809e+01
2.391081318992364686e+02
2.662215376310632564e+01
2.391190606365853455e+02
2.660928770745522343e+01
2.391209518469113391e+02
2.662027364439563826e+01
2.391080599058768712e+02
2.662218025571200997e+01
2.391190783826168627e+02
2.660925018208217807e+01
2.391210186949756462e+02
2.662028529585222714e+01
2.391081806777801830e+02
2.662217367140692659e+01
2.391191265584784560e+02
2.660924807176343165e+01
2.391211347175994888e+02
2.662027364107780159e+01
2.391081048158230260e+02
2.662217420121305622e+01
2.391190622527210508e+02
2.660925431948271580e+01
2.391210244951653294e+02
2.662028688713326119e+01
2.391080391228315420e+02
2.662218357564415783e+01
2.391191108807688579e+02
2.660922941454919055e+01
2.391210376210219692e+02
2.662028865402680822e+01
2.391079944101802539e+02
2.662219631549669430e+01
2.391191149340011179e+02
2.660921226002392359e+01
2.391209770446293987e+02
2.662031178353936411e+01
2.391079101909999736e+02
2.662223752308636904e+01
2.391190150231705047e+02
2.660913311934564263e+01
2.391211917401815299e+02
2.662032940261997283e+01
2.391079701819398906e+02
2.662223583395825699e+01
2.391190701417217497e+02
2.660912140965228900e+01
2.391210894944088068e+02
2.662034530844539404e+01
2.391079110096907243e+02
2.662225419454625808e+01
2.391191353456233628e+02
2.660909865159192123e+01
2.391210836593236309e+02
2.662035630305763334e+01
2.391079722470312845e+02
2.662225970812141895e+01
2.391191154469270259e+02
2.660907585069071501e+01
2.391211539205105510e+02
2.662036459494265728e+01
2.391078573578561191e+02
2.662227652076398954e+01
2.391192195279581938e+02
2.660905889957211912e+01
2.391210932798858266e+02
2.662037769850576296e+01
2.391078057471895590e+02
2.662229482131078839e+01
2.391191433920466807e+02
2.660901874271803536e+01
2.391210698896611575e+02
2.662039895303314552e+01
2.391077813847805373e+02
2.662232382185175084e+01
2.391193159130343702e+02
2.660899379043257795e+01
2.391211253550718538e+02
2.662040949091897346e+01
2.391077508830057923e+02
2.662232435282203369e+01
2.391192910336249042e+02
2.660898024603375234e+01
2.391210518197913188e+02
2.662042015648330562e+01
2.391077049546875060e+02
2.662236023781588301e+01
2.391190723223553505e+02
2.660888490482466295e+01
2.391212410732405260e+02
2.662044559072819538e+01
2.391077895119378809e+02
2.662237252038903534e+01
2.391191640115284827e+02
2.660887383349472657e+01
2.391211842987686396e+02
2.662045950119500048e+01
2.391077181578148156e+02
2.662238605367019773e+01
2.391191974444955122e+02
2.660883980395738035e+01
2.391210998328169808e+02
2.662048711732495576e+01
2.391075932352687232e+02
2.662242564599728212e+01
2.391192098205792718e+02
2.660877361419261433e+01
2.391210730544989929e+02
2.662052410686737858e+01
2.391075360744434875e+02
2.662245993298711255e+01
2.391194333041203208e+02
2.660872733668657020e+01
2.391213133535929956e+02
2.662052994489204139e+01
2.391074841661029495e+02
2.662246754669467919e+01
2.391193720628507435e+02
2.660870232476736419e+01
2.391212421388190705e+02
2.662054024869576097e+01
2.391075522923492827e+02
2.662247651017969474e+01
2.391194019835384097e+02
2.660868756365380250e+01
2.391212147285987157e+02
2.662055833564954810e+01
2.391075598986644763e+02
2.662249146922840737e+01
2.391192968278483022e+02
2.660865825787186623e+01
2.391211115067126229e+02
2.662058283432270400e+01
2.391074252937978599e+02
2.662252839963184670e+01
2.391194307332043536e+02
2.660858827221090905e+01
2.391213621161296032e+02
2.662059166160179302e+01
2.391074377413606271e+02
2.662253585088183172e+01
2.391193454391323030e+02
2.660855572309810668e+01
2.391213893704989459e+02
2.662059850580408238e+01
2.391075200736522675e+02
2.662253880040952936e+01
2.391194475404918194e+02
2.660856385660008527e+01
2.391214045959641226e+02
2.662059141867212020e+01
2.391074236606946215e+02
2.662254328053677455e+01
2.391194187354703899e+02
2.660856463736854494e+01
2.391213435070239939e+02
2.662060560681857169e+01
2.391074047560396139e+02
2.662255896834540181e+01
2.391193838807230350e+02
2.660852978387265466e+01
2.391214201866241638e+02
2.662061920657288283e+01
2.391073199367383495e+02
2.662256852063001134e+01
2.391194530312495772e+02
2.660851769612054341e+01
