1.295778772365702025e+02
1.295725669980092789e+02
1.295435146879462991e+02
1.295792496812173340e+02
1.295733487261204573e+02
1.295411509730438411e+02
1.295806040127681626e+02
1.295743323064234573e+02
1.295386182856127562e+02
1.295820262304951029e+02
1.295752972021909954e+02
1.295357505318243057e+02
1.295836408840441436e+02
1.295763406366095296e+02
1.295325811181101017e+02
1.295854708973929519e+02
1.295773765109188389e+02
1.295722795506844705e+02
1.295445363172111684e+02
1.295786526347583276e+02
1.295729516042483738e+02
1.295422069011983695e+02
1.295798288144396793e+02
1.295740093233216612e+02
1.295395165457848634e+02
1.295813832576059212e+02
1.295748911369482812e+02
1.295366875248328142e+02
1.295831226501941273e+02
1.295759208964482241e+02
1.295338634717263631e+02
1.295847874579631025e+02
1.295770624356810004e+02
1.295719116875188774e+02
1.295453499857430870e+02
1.295780986659556220e+02
1.295727922858641250e+02
1.295429715599602787e+02
1.295795521978907345e+02
1.295734738186583854e+02
1.295405949678206525e+02
1.295808318088238593e+02
1.295745259401446674e+02
1.295377351078641368e+02
1.295823693578968232e+02
1.295756303098569333e+02
1.295348418096582463e+02
1.295841734855421237e+02
1.295766759818907303e+02
1.295716918828657072e+02
1.295459867152494553e+02
1.295777638648214634e+02
1.295724420528677001e+02
1.295436228598737216e+02
1.295790489185601473e+02
1.295733790641752421e+02
1.295414082102251996e+02
1.295804157842903805e+02
1.295741966359091748e+02
1.295388155635228031e+02
1.295819402393426572e+02
1.295751736135935062e+02
1.295360118970893382e+02
1.295834879404865205e+02
1.295762383337059873e+02
1.295329288640677987e+02
1.295852982971264282e+02
1.295773564353876282e+02
1.295721577646618243e+02
1.295447354358620942e+02
1.295784869575836638e+02
1.295729663589227130e+02
1.295423689401686715e+02
1.295799072162808443e+02
1.295737832366467046e+02
1.295398403062499710e+02
1.295813395838922588e+02
1.295748017228252138e+02
1.295371862736610638e+02
1.295827617452086997e+02
1.295758115028693283e+02
1.295342378129898862e+02
1.295844446558548952e+02
1.295769157946560881e+02
1.295718512494895549e+02
1.295455543425632641e+02
1.295780630300105258e+02
1.295725991560721013e+02
1.295432051738825976e+02
1.295793028442021750e+02
1.295734916445398994e+02
1.295406960856962542e+02
1.295808407316035300e+02
1.295743944865207595e+02
1.295380640729017614e+02
1.295823499457474099e+02
1.295754552090329526e+02
1.295353109344250697e+02
1.295837930848574615e+02
1.295765733101434307e+02
1.295320997203452862e+02
1.295857748576891026e+02
1.295776287030457752e+02
1.295723927011931664e+02
1.295440905821742490e+02
1.295789046314821462e+02
1.295732180657796562e+02
1.295417988962290110e+02
1.295801816140592564e+02
1.295740407232369762e+02
1.295390694016241468e+02
1.295817488053944544e+02
1.295750534991238965e+02
1.295364774077897891e+02
1.295831680697374395e+02
1.295760734963259893e+02
1.295334780054326984e+02
1.295849233351473231e+02
1.295772183276058058e+02
1.295720687451466802e+02
1.295449639417711296e+02
1.295783122017674032e+02
1.295727921940997476e+02
1.295426952462439658e+02
1.295795532634874689e+02
1.295738238499616273e+02
1.295400371794457897e+02
1.295811562575618154e+02
1.295747137333382852e+02
1.295372923536633607e+02
1.295827590497283381e+02
1.295756801265815739e+02
1.295345009070369997e+02
1.295843672686751233e+02
1.295767525595801999e+02
1.295717845314648002e+02
1.295455926284339512e+02
1.295780546068999683e+02
1.295725546815447160e+02
1.295434081697021611e+02
1.295792095976066776e+02
1.295734942859126022e+02
1.295409232912716107e+02
1.295807091965834843e+02
1.295742350690125022e+02
1.295384032338042744e+02
1.295820827117713634e+02
1.295754040439205710e+02
1.295353840515308548e+02
1.295837102180885267e+02
1.295765057286116644e+02
1.295322911886760266e+02
1.295856636867538327e+02
1.295775889464566717e+02
1.295723381422285456e+02
1.295443102762728813e+02
1.295788043290740461e+02
1.295731498541135807e+02
1.295419762247547624e+02
1.295801348990280530e+02
1.295739688402100001e+02
1.295395032886735862e+02
1.295814909686960164e+02
1.295749761167244287e+02
1.295365424411429558e+02
1.295831064782250905e+02
1.295759465691880905e+02
1.295337271349853836e+02
1.295848667789614410e+02
1.295769383111910429e+02
1.295719763779125060e+02
1.295451192064138013e+02
1.295782710602798034e+02
1.295728196546479012e+02
1.295426268457667902e+02
1.295797237978549674e+02
1.295736385675991187e+02
1.295402048056057538e+02
1.295810826657398138e+02
1.295746750621037791e+02
1.295376510089045041e+02
1.295824919975129887e+02
1.295756580039305845e+02
1.295347153692928259e+02
1.295841853497840930e+02
1.295767645115411142e+02
1.295717044271077611e+02
1.295458225425318233e+02
1.295778452833328629e+02
1.295725270474722493e+02
1.295435751330514904e+02
1.295792124363360927e+02
1.295733390348614193e+02
1.295410074994579190e+02
1.295804964684211882e+02
1.295743730124595459e+02
1.295384626565064536e+02
1.295820888491289224e+02
1.295753318912538816e+02
1.295357678325817687e+02
1.295836868236219743e+02
1.295763108987084706e+02
1.295327253138384549e+02
1.295853804469006718e+02
1.295774338106348296e+02
1.295721886738028843e+02
1.295443884033957147e+02
1.295786956742158509e+02
1.295730230200642836e+02
1.295420652341417735e+02
1.295800756823737174e+02
1.295738644311277312e+02
1.295395771626353962e+02
1.295814334948008764e+02
1.295749576681628241e+02
1.295368080635598744e+02
1.295830471303852391e+02
1.295759629147360101e+02
1.295338324631156866e+02
1.295847296248830389e+02
1.295770099789806409e+02
1.295718905500325491e+02
1.295452394526582793e+02
1.295782760828951723e+02
1.295727517426421400e+02
1.295430578072628123e+02
1.295794218414594070e+02
1.295735341829204117e+02
1.295405393475884921e+02
1.295809559387271293e+02
1.295745262263953919e+02
1.295379396255739266e+02
1.295823396028572461e+02
1.295755725211929530e+02
1.295350261186686112e+02
1.295839401530320174e+02
1.295766674309052178e+02
1.295715309155420982e+02
1.295461240859804093e+02
1.295777118512414745e+02
1.295724144022533437e+02
1.295438231295265723e+02
1.295790499642098439e+02
1.295732556003640639e+02
1.295413719686475815e+02
1.295804351725601009e+02
1.295742072071880102e+02
1.295387366104841931e+02
1.295819138273436693e+02
1.295751583984674653e+02
1.295358988907828461e+02
1.295835788349941140e+02
1.295762033286082442e+02
1.295329113993866486e+02
1.295852881102764513e+02
1.295774152988742571e+02
1.295721876195893856e+02
1.295445997015922330e+02
1.295786016332131112e+02
1.295730059798224829e+02
1.295424007340843673e+02
1.295798705158522353e+02
1.295738385213335278e+02
1.295399008946624235e+02
1.295813113354888628e+02
1.295747975358244730e+02
1.295372765259307926e+02
1.295827877450647065e+02
1.295757146441101213e+02
1.295343221603106940e+02
1.295845148992520990e+02
1.295767958995566005e+02
1.295718605715446756e+02
1.295456701050425181e+02
1.295780293183343019e+02
1.295726122128253337e+02
1.295434560304856859e+02
1.295793177033920074e+02
1.295734431172459153e+02
1.295410907251571189e+02
1.295804957131913397e+02
1.295744037767435657e+02
1.295383999182013213e+02
1.295821617681358475e+02
1.295753498385092826e+02
1.295356857723891153e+02
1.295835744158393936e+02
1.295764325916170492e+02
1.295325121382265934e+02
1.295854478054097854e+02
1.295774675291031599e+02
1.295722850998427020e+02
1.295443808480558801e+02
1.295786914385753334e+02
1.295730853863715311e+02
1.295420347565886914e+02
1.295801145307341358e+02
1.295739881272893399e+02
1.295395401792411576e+02
1.295814716502791271e+02
1.295749536287767114e+02
1.295368063679125044e+02
1.295828790480809403e+02
1.295760275045686285e+02
1.295337035978664062e+02
1.295847101540057338e+02
1.295771259142493363e+02
1.295719214704295155e+02
1.295451326059774146e+02
1.295783267307124333e+02
1.295727781528112246e+02
1.295429357801622245e+02
1.295794758522315533e+02
1.295736916446476243e+02
1.295405090918575297e+02
1.295809494714631001e+02
1.295745892658305820e+02
1.295377686685606022e+02
1.295824708981890581e+02
1.295755545204738155e+02
1.295350176926876884e+02
1.295840894984503393e+02
1.295766450623486890e+02
1.295319028211015393e+02
1.295859050277067581e+02
1.295777471512556076e+02
1.295724456352618290e+02
1.295439035529780085e+02
1.295789118795510149e+02
1.295733049171685707e+02
1.295415283671536599e+02
1.295803751840649056e+02
1.295740859803991043e+02
1.295390269891286152e+02
1.295818122750933981e+02
1.295750779303125455e+02
1.295361851449779351e+02
1.295833495035258238e+02
1.295762072877259925e+02
1.295332432442082791e+02
1.295850242426240584e+02
1.295773012454010313e+02
1.295720670245718793e+02
1.295448469237380777e+02
1.295784483182214899e+02
1.295729590038827155e+02
1.295424841951535200e+02
1.295797519349725917e+02
1.295738193731303909e+02
1.295400596905892598e+02
1.295811215276335133e+02
1.295747610742546385e+02
1.295371709473402007e+02
1.295828385342465481e+02
1.295757164970273152e+02
1.295343338575330563e+02
1.295843343727901811e+02
1.295768997114355443e+02
1.295718314834812190e+02
1.295456615082366625e+02
1.295780316654418129e+02
1.295725931048218627e+02
1.295434235674038064e+02
1.295792969293688657e+02
1.295734851142333355e+02
1.295409795485757058e+02
1.295805657308519585e+02
1.295743000425572973e+02
1.295383513776469044e+02
1.295821800946432631e+02
1.295753771384188440e+02
1.295355623430077685e+02
1.295836935319966869e+02
1.295763760755944531e+02
1.295324071948416531e+02
1.295856188789766748e+02
1.295775589639670216e+02
1.295722558342240518e+02
1.295443103732832242e+02
1.295787947282369714e+02
1.295731507713207975e+02
1.295419620991597185e+02
1.295800966881797649e+02
1.295740383356169332e+02
1.295394797854823992e+02
1.295814353349851444e+02
1.295749263653851813e+02
1.295367237289319746e+02
1.295831158395594684e+02
1.295759800867381273e+02
1.295337017243437003e+02
1.295846938705071807e+02
1.295771301923523424e+02
1.295720077709411271e+02
1.295451946152024902e+02
1.295783094063954195e+02
1.295727397965529235e+02
1.295428186973585980e+02
1.295796244411176303e+02
1.295736733052035561e+02
1.295403732299018884e+02
1.295809205018740613e+02
1.295746260424202774e+02
1.295378305188933155e+02
1.295825056796602439e+02
1.295755620307900244e+02
1.295349679118808126e+02
1.295841346626111772e+02
1.295766151973512024e+02
1.295716173922555754e+02
1.295459903637674870e+02
1.295777057703671744e+02
1.295725115135574015e+02
1.295436250654165633e+02
1.295791556399926776e+02
1.295732669918070314e+02
1.295413790400489233e+02
1.295804488075809786e+02
1.295742524043598678e+02
1.295387260506686289e+02
1.295818950201210100e+02
1.295751560445787618e+02
1.295360223346069688e+02
1.295835156939720036e+02
1.295762486942985561e+02
1.295330279746704036e+02
1.295850645258178702e+02
1.295774199184525060e+02
1.295721946335543180e+02
1.295446521352714626e+02
1.295785580812516855e+02
1.295729962751793209e+02
1.295423190512519795e+02
1.295798492103494937e+02
1.295738445800670888e+02
1.295396977686177706e+02
1.295812733005150221e+02
1.295748860490421066e+02
1.295370740822982043e+02
1.295829317894531414e+02
1.295758659565908602e+02
1.295342062383570010e+02
1.295845062895823503e+02
1.295769107780070044e+02
1.295718127840518719e+02
1.295454686351877172e+02
1.295780993352964288e+02
1.295726614265295211e+02
1.295432005809561815e+02
1.295794053524441551e+02
1.295735553164267913e+02
1.295406947743322235e+02
1.295808306632097811e+02
1.295744482833979419e+02
1.295382211545656901e+02
1.295822697431140114e+02
1.295754435677808942e+02
1.295353751430375269e+02
1.295838424412213499e+02
1.295764768006047234e+02
1.295323010321735637e+02
1.295856701950688148e+02
1.295776003211212810e+02
1.295723027704079868e+02
1.295442258108814713e+02
1.295786791884602280e+02
1.295732111974211875e+02
1.295418305480561685e+02
1.295802130898227915e+02
1.295740548913745442e+02
1.295393534428440034e+02
1.295815526307706023e+02
1.295750413952482631e+02
1.295365869609813672e+02
1.295831776808045106e+02
1.295760305073054042e+02
1.295334000147850020e+02
1.295849906507792184e+02
1.295771052126074210e+02
1.295720396390097449e+02
1.295451471675769426e+02
1.295783434440090787e+02
1.295727937995397951e+02
1.295428713510482339e+02
1.295796257641777629e+02
1.295736007310624700e+02
1.295403182895825012e+02
1.295810178159736097e+02
1.295746023365500150e+02
1.295376988687930861e+02
1.295825565825070953e+02
1.295756219573086128e+02
1.295349178060423583e+02
1.295841760649927892e+02
1.295765827679133508e+02
1.295716958319389960e+02
1.295459977508871816e+02
1.295778468278731452e+02
1.295724397317098919e+02
1.295438046739727724e+02
1.295790834871149855e+02
1.295732096315769013e+02
1.295414642291871132e+02
1.295802487790788291e+02
1.295742908272659406e+02
1.295387563362892251e+02
1.295818471603706712e+02
1.295752444777463097e+02
1.295360303960769670e+02
1.295835068758606212e+02
1.295761722209426807e+02
1.295329092611937085e+02
1.295853190623020055e+02
1.295773210852639750e+02
1.295721440070919925e+02
1.295446449947485235e+02
1.295786206524062436e+02
1.295729829499759944e+02
1.295423443987383507e+02
1.295799166924844030e+02
1.295738235160824843e+02
1.295399069269624306e+02
1.295813156452350086e+02
1.295746570506453281e+02
1.295371940218901727e+02
1.295827722877438646e+02
1.295758649741619593e+02
1.295340688257856527e+02
1.295845949432114139e+02
1.295769499221059959e+02
1.295717295299400575e+02
1.295454647903534351e+02
1.295781040419969941e+02
1.295726526922517223e+02
1.295432354775839485e+02
1.295793957690621028e+02
1.295735644830419915e+02
1.295407678714836948e+02
1.295807149717875291e+02
1.295744244967791019e+02
1.295381657651159912e+02
1.295821615111199208e+02
1.295754881717584794e+02
1.295351229279331164e+02
1.295839404593716608e+02
1.295765734116866952e+02
1.295321370118617779e+02
1.295856320684979437e+02
1.295776445771189174e+02
1.295724183575075585e+02
1.295440696090954589e+02
1.295788095128373243e+02
1.295732794150826521e+02
1.295416773949691560e+02
1.295802807369618677e+02
1.295740664020268014e+02
1.295390582470281515e+02
1.295816329458175460e+02
1.295751530653506052e+02
1.295362221824325388e+02
1.295833697739435593e+02
1.295760979481419781e+02
1.295333141586597776e+02
1.295851060306158615e+02
1.295772677876229864e+02
1.295719897543458501e+02
1.295449329636612674e+02
1.295784022437001113e+02
1.295729180138732772e+02
1.295425352141901385e+02
1.295798020659858594e+02
1.295737639380531618e+02
1.295400477065559244e+02
1.295810927868878935e+02
1.295747608065867098e+02
1.295373637073644204e+02
1.295827495699195424e+02
1.295757186960981926e+02
1.295344584499398479e+02
1.295844165460439399e+02
1.295767958368087420e+02
1.295717093171406304e+02
1.295457916274026502e+02
1.295778511936223367e+02
1.295726228446292225e+02
1.295435096584551502e+02
1.295792617973784218e+02
1.295733554022590397e+02
1.295411344581807498e+02
1.295804229514033068e+02
1.295742881484329700e+02
1.295384438948822208e+02
1.295820619012665702e+02
1.295752873467426980e+02
1.295355347956501646e+02
1.295838145138550317e+02
1.295763611469301395e+02
1.295323490814189427e+02
1.295856266498303739e+02
1.295775240668590413e+02
1.295722869931487367e+02
1.295443102591525530e+02
1.295787595834699459e+02
1.295731598925922299e+02
1.295418709209625376e+02
1.295801463881653035e+02
1.295740019956865581e+02
1.295394394216709770e+02
1.295815882058086572e+02
1.295749738576269010e+02
1.295366508447914384e+02
1.295831058413314167e+02
1.295759872827475192e+02
1.295336521895223996e+02
1.295848736019979697e+02
1.295771096672106069e+02
1.295719126835028874e+02
1.295452508027228760e+02
1.295782901540951570e+02
1.295727910806745058e+02
1.295430215088854311e+02
1.295794577468914213e+02
1.295736257980606752e+02
1.295405316305259475e+02
1.295809516889712540e+02
1.295745301955903415e+02
1.295379439151147380e+02
1.295823563660524087e+02
1.295755689574434655e+02
1.295349667616392253e+02
1.295841163781442447e+02
1.295766311423649313e+02
1.295320098671509186e+02
1.295857088228076464e+02
1.295776964544493239e+02
1.295724183698621346e+02
1.295439529245632002e+02
1.295789899318915559e+02
1.295731971201312263e+02
1.295415879535721615e+02
1.295802687119430630e+02
1.295741802507254761e+02
1.295389978087478084e+02
1.295817213091941085e+02
1.295751000952586764e+02
1.295361533782706829e+02
1.295833519367297413e+02
1.295762383191613480e+02
1.295331798254628666e+02
1.295851812074834015e+02
1.295771804526739288e+02
1.295721711181104183e+02
1.295447805340809282e+02
1.295784591088449815e+02
1.295729765788273653e+02
1.295425150668888818e+02
1.295796912931109546e+02
1.295738669749116525e+02
1.295399197124934290e+02
1.295811243306670804e+02
1.295748260687687434e+02
1.295372407505637966e+02
1.295827537266450236e+02
1.295756491209467640e+02
1.295341743465105537e+02
1.295845043145527598e+02
1.295768631360842846e+02
1.295718968975270400e+02
1.295454413946281420e+02
1.295780520826956490e+02
1.295727073220186867e+02
1.295432739194948226e+02
1.295794185253325850e+02
1.295733716031245422e+02
1.295408163827669341e+02
1.295807481197552988e+02
1.295744391010230174e+02
1.295381936807534657e+02
1.295822609030583408e+02
1.295754262451519025e+02
1.295353483218495967e+02
1.295838340127229458e+02
1.295765269550756784e+02
1.295322665290586883e+02
1.295856960626406362e+02
1.295776419772009831e+02
1.295723131667618873e+02
1.295441261788364500e+02
1.295788717435061699e+02
1.295731244034977863e+02
1.295418837561883265e+02
1.295801654469978530e+02
1.295740629149659071e+02
1.295393481580977095e+02
1.295816283884632867e+02
1.295750198603782337e+02
1.295365720298577799e+02
1.295831741351867095e+02
1.295759933811641531e+02
1.295336791912704939e+02
1.295848399055976188e+02
1.295771474953362485e+02
1.295720076987345237e+02
1.295451429758395534e+02
1.295783299339091172e+02
1.295727296447585104e+02
1.295429023540491471e+02
1.295795089228486177e+02
1.295736982801317936e+02
1.295404337967484025e+02
1.295808638066664571e+02
1.295746463953692000e+02
1.295376867679733550e+02
1.295825288540218025e+02
1.295756298617197899e+02
1.295347202605917118e+02
1.295841843563830480e+02
1.295766153653239598e+02
1.295716649416717701e+02
1.295459895816748030e+02
1.295778493602701928e+02
1.295725157167762518e+02
1.295437422121904092e+02
1.295791207475849660e+02
1.295733170403982513e+02
1.295414037884620484e+02
1.295804587424063357e+02
1.295742266135057434e+02
1.295388208072981797e+02
1.295818885304179275e+02
1.295751548375119455e+02
1.295359798653807957e+02
1.295834282752766740e+02
1.295762280034250580e+02
1.295329483321838779e+02
1.295852929309039610e+02
1.295773901623178972e+02
1.295720263014227385e+02
1.295446448408911237e+02
1.295785887390375137e+02
1.295730045344098471e+02
1.295422928742482327e+02
1.295799027508473955e+02
1.295738987826771336e+02
1.295397734280850273e+02
1.295812948662060080e+02
1.295748524745722534e+02
1.295370476867392426e+02
1.295828034072474111e+02
1.295758827826794004e+02
1.295341865572845563e+02
1.295845333921752172e+02
1.295769593897566665e+02
1.295718235728127183e+02
1.295455444316321518e+02
1.295780925900471630e+02
1.295726821806456428e+02
1.295432507531077135e+02
1.295793186563387280e+02
1.295734847107669339e+02
1.295407456459652167e+02
1.295808090914797504e+02
1.295743782579374965e+02
1.295381405721418560e+02
1.295822320721199503e+02
1.295754774091619765e+02
1.295352744663541671e+02
1.295838736762379995e+02
1.295765121835720493e+02
1.295321783753461204e+02
1.295857028543105116e+02
1.295776532977179158e+02
1.295723526318761287e+02
1.295440095171943540e+02
1.295789236493583303e+02
1.295732196220633341e+02
1.295417392456438392e+02
1.295801791476988001e+02
1.295740463557449402e+02
1.295391813111054944e+02
1.295816712093510432e+02
1.295750460904819192e+02
1.295364552670362173e+02
1.295832586882752366e+02
1.295761107507569250e+02
1.295333585403277539e+02
1.295850339130556677e+02
1.295772109507379355e+02
1.295720317488157889e+02
1.295450659196358174e+02
1.295783422083040932e+02
1.295728161358856596e+02
1.295427885156386765e+02
1.295795824608067051e+02
1.295737540336413076e+02
1.295402860081812833e+02
1.295810643333388725e+02
1.295746653958631214e+02
1.295375409353873692e+02
1.295825635117944330e+02
1.295755131016921951e+02
1.295347084473178256e+02
1.295843087254615966e+02
1.295767002265347401e+02
1.295716574999969453e+02
1.295458865402470110e+02
1.295778628715343075e+02
1.295725707640522160e+02
1.295435414196836064e+02
1.295791264478466474e+02
1.295733866001537535e+02
1.295411767068144400e+02
1.295805329038848868e+02
1.295743337266903836e+02
1.295385395391058410e+02
1.295820382191159297e+02
1.295752763865311863e+02
1.295358235341846012e+02
1.295836198438337306e+02
1.295763097809249302e+02
1.295328040423773928e+02
1.295853668941854266e+02
1.295774624268087791e+02
1.295722044049325632e+02
1.295446030183375115e+02
1.295786158160044579e+02
1.295730271918582730e+02
1.295421777804294834e+02
1.295799201127665583e+02
1.295739451191911940e+02
1.295397750454867491e+02
1.295813315314735519e+02
1.295748716055386467e+02
1.295370449456386268e+02
1.295828511302097468e+02
1.295758325683127623e+02
1.295340177524922183e+02
1.295845763000397710e+02
1.295769827027834253e+02
1.295719169667281676e+02
1.295454480511398287e+02
1.295781284644472180e+02
1.295726314679195639e+02
1.295430838792235591e+02
1.295794293391372776e+02
1.295735305801063078e+02
1.295406378682673676e+02
1.295808845932333497e+02
1.295745102115179179e+02
1.295380801735591376e+02
1.295823443132685497e+02
1.295754501537594479e+02
1.295352946834900649e+02
1.295838775972952135e+02
1.295765013969648862e+02
1.295321561075979844e+02
1.295857254930742783e+02
1.295776360922609456e+02
1.295723559734178707e+02
1.295441174195148051e+02
1.295788956813630648e+02
1.295731823568348773e+02
1.295417032372206450e+02
1.295802687836985569e+02
1.295741170902037993e+02
1.295392436708789319e+02
1.295816300466249231e+02
1.295750778011861257e+02
1.295363898402720224e+02
1.295831914913724177e+02
1.295760974368313327e+02
1.295334857246780302e+02
1.295848835094075184e+02
1.295771943497238681e+02
1.295720738030213397e+02
1.295449749165563844e+02
1.295783729665854480e+02
1.295728656672290526e+02
1.295427503056998830e+02
1.295797007134824526e+02
1.295736590042361058e+02
1.295402671146439388e+02
1.295809790744388010e+02
1.295746227756608278e+02
1.295374367941694800e+02
1.295826663841144182e+02
1.295756842987029813e+02
1.295345077877573203e+02
1.295843800094153266e+02
1.295767458398768213e+02
1.295717089985264465e+02
1.295457944000081625e+02
1.295778376413218211e+02
1.295725929929467384e+02
1.295434234010172077e+02
1.295791445418144576e+02
1.295734667302458547e+02
1.295408627476135734e+02
1.295807173146167770e+02
1.295743672606477048e+02
1.295384492304874584e+02
1.295821397438412532e+02
1.295753368308942299e+02
1.295355073268583510e+02
1.295837588145514019e+02
1.295764210553606972e+02
1.295326019733329304e+02
1.295853688663919456e+02
1.295774695794680156e+02
1.295723194712190889e+02
1.295442641789268237e+02
1.295788150499283802e+02
1.295730694149970077e+02
1.295417827925120946e+02
1.295801025114487857e+02
1.295740361385687720e+02
1.295393581929674838e+02
1.295815917617292143e+02
1.295749619107227772e+02
1.295365652111941017e+02
1.295832077215891331e+02
1.295760119589685928e+02
1.295335895698226523e+02
1.295847822485666256e+02
1.295770969393779524e+02
1.295719678438035771e+02
1.295450511983945034e+02
1.295783559677365702e+02
1.295728377839841414e+02
1.295428335615724791e+02
1.295795538909151219e+02
1.295737324177462142e+02
1.295402383268810809e+02
1.295810618520481512e+02
1.295746098586241715e+02
1.295375841944187414e+02
1.295826228484802414e+02
1.295756301864166744e+02
1.295347584745904896e+02
1.295842287105915602e+02
1.295767244846501853e+02
1.295716454352368601e+02
1.295459361862740479e+02
1.295778655948815867e+02
1.295724468884291127e+02
1.295436534677573945e+02
1.295791360301664099e+02
1.295733811853569932e+02
1.295413031052448787e+02
1.295804020994692110e+02
1.295742752646910958e+02
1.295387142148392741e+02
1.295819851896085311e+02
1.295751250376051757e+02
1.295359109877026640e+02
1.295836009750782978e+02
1.295762750907742884e+02
1.295328198430361226e+02
1.295852826438785996e+02
1.295773902869259473e+02
1.295721578984521329e+02
1.295446002474345732e+02
1.295786619633727241e+02
1.295729589510010555e+02
1.295422619040764403e+02
1.295799374702619389e+02
1.295739218327507842e+02
1.295397624479082879e+02
1.295813303702161647e+02
1.295747906687902287e+02
1.295370688138937112e+02
1.295827907505445182e+02
1.295759199040767271e+02
1.295340751717158128e+02
1.295846515067096334e+02
1.295769383956794627e+02
1.295718104490370024e+02
1.295454579248907976e+02
1.295781700856459793e+02
1.295726213284360711e+02
1.295432267842406873e+02
1.295792951477051247e+02
1.295736015020811465e+02
1.295405281061539426e+02
1.295809119532350451e+02
1.295744230943964794e+02
1.295379457118397113e+02
1.295823501686973032e+02
1.295755050565639976e+02
1.295350990021252073e+02
1.295839447287144139e+02
1.295764628487522714e+02
1.295319932640413754e+02
1.295858054718410131e+02
1.295777354546007700e+02
1.295724482077930588e+02
1.295439335446862970e+02
1.295789913250191603e+02
1.295732829092885368e+02
1.295415179742558394e+02
1.295803447969956324e+02
1.295741721740632784e+02
1.295390663622529246e+02
1.295817589106736705e+02
1.295750550616357941e+02
1.295363190269272309e+02
1.295833718890789896e+02
1.295761510689917486e+02
1.295333493212528992e+02
1.295849581419315655e+02
1.295771729969710577e+02
1.295720171258726623e+02
1.295448931245773565e+02
1.295783163057640195e+02
1.295729874113458209e+02
1.295424346288782544e+02
1.295798267787904479e+02
1.295738305508275516e+02
1.295399821168975905e+02
1.295812500944011845e+02
1.295747515164257493e+02
1.295373084021266550e+02
1.295827776364749297e+02
1.295757390196959022e+02
1.295343743107514456e+02
1.295844148005708121e+02
1.295767567828879692e+02
1.295717624943354167e+02
1.295457193916954566e+02
1.295780025151325390e+02
1.295725934316287749e+02
1.295434970372589305e+02
1.295791844774794299e+02
1.295734536194358952e+02
1.295410096720443107e+02
1.295805871180491522e+02
1.295743995272787288e+02
1.295384430904814508e+02
1.295821197340555955e+02
1.295752718674775679e+02
1.295354966046870686e+02
1.295837588801223319e+02
1.295764138496597297e+02
1.295325503188360017e+02
1.295854746844852343e+02
1.295774857986252755e+02
1.295723216244368814e+02
1.295442445864027832e+02
1.295788211858598515e+02
1.295731156903202645e+02
1.295419150686066132e+02
1.295800674958736636e+02
1.295739928680122830e+02
1.295394155902613420e+02
1.295815349496260751e+02
1.295749981819535606e+02
1.295367321296362206e+02
1.295829628163191956e+02
1.295760457487485837e+02
1.295336696101585403e+02
1.295848689140111674e+02
1.295770589784951881e+02
1.295720035297563300e+02
1.295452378281042911e+02
1.295782698172552045e+02
1.295727374712587334e+02
1.295429876205453184e+02
1.295795149169862270e+02
1.295736621751566418e+02
1.295404613208665978e+02
1.295809090675320476e+02
1.295745144773973152e+02
1.295378673531813547e+02
1.295824261866218876e+02
1.295755292142275721e+02
1.295349929743970279e+02
1.295841075952630490e+02
1.295766532834386453e+02
1.295319389123178553e+02
1.295858992775320075e+02
1.295776804737979546e+02
1.295724731020454783e+02
1.295438761364785023e+02
1.295790469313214999e+02
1.295732756889483426e+02
1.295415380369231571e+02
1.295803085995139554e+02
1.295741897870029788e+02
1.295390511529985815e+02
1.295818035758857150e+02
1.295750468432670459e+02
1.295361834328796249e+02
1.295833972759137396e+02
1.295761280526057817e+02
1.295332010470447131e+02
1.295850668804196175e+02
1.295773176169313956e+02
1.295721206019807141e+02
1.295448571983142756e+02
1.295785139754589181e+02
1.295729014516982716e+02
1.295426360659184866e+02
1.295797625311824959e+02
1.295737788665865082e+02
1.295400735523435287e+02
1.295810950762825087e+02
1.295747181743790861e+02
1.295372870641876943e+02
1.295827662082156166e+02
1.295757150220160838e+02
1.295345453823101707e+02
1.295842823797720484e+02
1.295767276655242313e+02
1.295718245001626201e+02
1.295456676149042323e+02
1.295780016253702343e+02
1.295726051068049856e+02
1.295434967281762511e+02
1.295791237101075239e+02
1.295734617827984039e+02
1.295411035246215761e+02
1.295805393503105734e+02
1.295743068162119016e+02
1.295383406245673541e+02
1.295821076309075579e+02
1.295753422390844207e+02
1.295354671460518148e+02
1.295837947938998695e+02
1.295764167464512866e+02
1.295324758585193194e+02
1.295855182422383223e+02
1.295775471464730799e+02
1.295722036857914645e+02
1.295443282647465821e+02
1.295787896188267041e+02
1.295730723921151366e+02
1.295419064951129258e+02
1.295800959137850441e+02
1.295740175358660053e+02
1.295394131004868541e+02
1.295815626863914076e+02
1.295748821820307057e+02
1.295365769223717507e+02
1.295832108925096691e+02
1.295759571783710271e+02
1.295336572242376860e+02
1.295848089780483861e+02
1.295770917878253385e+02
1.295719773634336889e+02
1.295451144751277752e+02
1.295783469648158643e+02
1.295727802785986569e+02
1.295428132851084229e+02
1.295795994368963875e+02
1.295736986998526845e+02
1.295401922397722956e+02
