7.416079856699288939e+02
2.128031976268794097e+02
3.039800945040115039e+02
2.110017278131817875e+02
3.062314951057924191e+02
5.190106184524083801e+02
2.099015107233717572e+02
3.095714634377873153e+02
4.199212764005023928e+02
4.209681996869221621e+02
4.199203511779160181e+02
4.225578405033520539e+02
4.199452166623450466e+02
4.233817782538208121e+02
3.136327041512158758e+02
3.102196626651711995e+02
4.220234354730455379e+02
4.176768062399423798e+02
4.237501273974339711e+02
4.195350228163988504e+02
7.454414519451820524e+02
5.244227678176866903e+02
2.111250907283902052e+02
3.053673900959292951e+02
2.143033655938343145e+02
3.033621233464582474e+02
2.101576753806039051e+02
3.080268759743448754e+02
7.501656106202499359e+02
4.200155484388342302e+02
4.227868938913779857e+02
7.344886666556085402e+02
2.095704395144493901e+02
3.094525735911083757e+02
4.201255492220225278e+02
4.216323319181974512e+02
4.209500103182072053e+02
7.521728603717856458e+02
3.035385698026511818e+02
2.105795486724528018e+02
3.075347934003584669e+02
6.527611869995598681e+02
2.089857899641938275e+02
3.127317077158950269e+02
3.182937919562900788e+02
3.043812390679449891e+02
2.112475744239345659e+02
3.059629701928060967e+02
5.181916432091966271e+02
2.095055679349534330e+02
3.094359973886748776e+02
4.207430691035842756e+02
4.208006324688103632e+02
4.207181971789032104e+02
4.201955326211682404e+02
4.225631806532401242e+02
4.217140325351283536e+02
3.204086301692077541e+02
3.032369775342012872e+02
2.100823224458872573e+02
3.086424095362599473e+02
4.232146995507355314e+02
4.249605626233533258e+02
3.063518516736148740e+02
5.191055539196313475e+02
2.095510856907858397e+02
3.093730043577525066e+02
4.199827262966064154e+02
4.213216831241952605e+02
4.201467441352579044e+02
4.227739758799798437e+02
7.342244274864278850e+02
2.096602366046427051e+02
3.096855378037362243e+02
4.199363168528434471e+02
4.223530004935091711e+02
4.219244491333665792e+02
3.181276163279471803e+02
3.041117353317458765e+02
2.119666251371163526e+02
3.053904874303552788e+02
2.141804472899093525e+02
3.036584964338544523e+02
2.098737348284194013e+02
3.080758442737060250e+02
7.627396721064287703e+02
3.029086633723636623e+02
2.098615614413065487e+02
3.093668140606459929e+02
4.203860896537444205e+02
4.243169863122384413e+02
4.274137480765275541e+02
3.033907090469147079e+02
2.098882515528748627e+02
3.089754640818937332e+02
4.227670967225421919e+02
4.235229855673969723e+02
3.095298410632021842e+02
4.202729463125069742e+02
4.264753261093937908e+02
7.417936074089157046e+02
5.224937712287719478e+02
2.102107789634901565e+02
3.075380092244886328e+02
5.240380423588358099e+02
2.116081928959320066e+02
3.055656428636721103e+02
2.148308219295431627e+02
3.042983371757436544e+02
2.088230589252780192e+02
3.089850647459388711e+02
4.234940364876383683e+02
7.436935523482825374e+02
4.220077723007780151e+02
4.194732948434830178e+02
4.213999021614145022e+02
4.201309550776859396e+02
4.226271841930720257e+02
7.435950532601564191e+02
2.146608019232808147e+02
3.029756237486435566e+02
2.099169169550295919e+02
3.092100670585932676e+02
4.203922074131842237e+02
4.227267819993430749e+02
4.243464008461887715e+02
3.075982463213440496e+02
5.266726205637241947e+02
2.122319471150112804e+02
3.041822959343699040e+02
2.113983960810583085e+02
3.056354813461948652e+02
2.146686050242715282e+02
3.032360772175452439e+02
2.098971544415544486e+02
3.086276185777533101e+02
4.242106733040855033e+02
5.276726581512048142e+02
4.237931611926615005e+02
5.268422739825036842e+02
4.240045870839967392e+02
5.274056033903762000e+02
4.249037534228555160e+02
3.197582270385464653e+02
3.037953562534967205e+02
2.096844350985629717e+02
3.084267973320820602e+02
4.316806789321271935e+02
3.038952262616658118e+02
2.112210047454282176e+02
3.062570757366484031e+02
2.153346380657749251e+02
3.031776286436361261e+02
2.096292725771490950e+02
3.095133855806052452e+02
4.198312090114486637e+02
4.227985201841220260e+02
4.246395643541327445e+02
3.068499813292146428e+02
5.207587440556817455e+02
2.095784449784550816e+02
3.094704029709246242e+02
4.210942212031659437e+02
4.200373603424959583e+02
4.228618278835056117e+02
4.285627375285839662e+02
3.031435007664258592e+02
2.102369610874011414e+02
3.086425812425441109e+02
4.270071319571579807e+02
3.113309269740711898e+02
5.275869242853950709e+02
4.197955498863448156e+02
4.217235678247088799e+02
4.192375315129320370e+02
4.224955245221935911e+02
4.221496573077747598e+02
3.171061361781321466e+02
3.051612979915953474e+02
2.127372201025136746e+02
3.046462102850491647e+02
2.110740874865587102e+02
3.056529201080847997e+02
2.138217934220738243e+02
3.034529547597194323e+02
2.101411457828507992e+02
3.077625131523964228e+02
5.297365787906310288e+02
2.094828516557754483e+02
3.093347493855981156e+02
4.202775670008122688e+02
4.221818353048583958e+02
4.215629895126767224e+02
6.277587718667346053e+02
2.097906645447656047e+02
3.087354011693096254e+02
4.287155239571293350e+02
3.071000307640206302e+02
5.249840582152974093e+02
2.110885648275871063e+02
3.057521874121739529e+02
2.137852382661367301e+02
3.032072579310770379e+02
2.103022433028672822e+02
3.079012263991753571e+02
5.310782519974018214e+02
5.294155084260564763e+02
2.137777034531172831e+02
3.033757911840802990e+02
2.106281803288293304e+02
3.076707817458227510e+02
5.429137344550254056e+02
3.059179850348446053e+02
2.148168971492996207e+02
3.032647462480381364e+02
2.095954506969428621e+02
3.093103088280913653e+02
4.209197994738642592e+02
4.202954635786882136e+02
4.215414462933986215e+02
4.199342143543326529e+02
4.206388037576398347e+02
4.209682742778968532e+02
4.205110181206691777e+02
4.213023451296758140e+02
4.198228871113096830e+02
4.214416256489494117e+02
4.194952551262686029e+02
4.224754529529163847e+02
4.230838621764560230e+02
3.117859499106561998e+02
5.313476017740758834e+02
5.271082171404996188e+02
4.225087780379981268e+02
4.255585113757115323e+02
3.057111139721237123e+02
2.148814961321477313e+02
3.030387196051306091e+02
2.100284531204670202e+02
3.090738896207039943e+02
4.224104822444787715e+02
4.217115093246684410e+02
3.193900501595198875e+02
3.036313829072460067e+02
2.106020188373659039e+02
3.074078453801193973e+02
5.457049528014467796e+02
3.047768923773110146e+02
2.098390798968466697e+02
3.065459742506500334e+02
5.209244325518811820e+02
2.098728646845556796e+02
3.090409942281257827e+02
4.234378869183565257e+02
1.177452624949277379e+03
4.198918618910392979e+02
4.197873754942702362e+02
4.203279863021598430e+02
4.227957055661681807e+02
4.274085475299070822e+02
3.037249192540475633e+02
2.109043274697614834e+02
3.100565766953077400e+02
5.199700923195923679e+02
2.103312891005480196e+02
3.072908184596744832e+02
5.285838971503544599e+02
5.183584298983623739e+02
2.092195064380066469e+02
3.089828291504527442e+02
4.209194480335136177e+02
4.210207441885722801e+02
4.203815344851027476e+02
4.226646202654228546e+02
7.486851935216836864e+02
4.207093330115167191e+02
4.200077317000541370e+02
4.229279790580039844e+02
7.357938832418585662e+02
2.091391688823350705e+02
3.093112784030963667e+02
4.208973294893658021e+02
4.204813758919772226e+02
4.215762439653917681e+02
4.197726008049794473e+02
4.210655019015248399e+02
4.198540853785671061e+02
4.231310193923127372e+02
7.368047801262146095e+02
2.103448850182467140e+02
3.076979819848493207e+02
5.298206729650846682e+02
2.101005501639447175e+02
3.091868945850583259e+02
4.200558372596133268e+02
4.221290007749048527e+02
4.237641970790427877e+02
3.104808213775395416e+02
4.214915771208470687e+02
6.375654636817926075e+02
5.270226053590886295e+02
2.128912455925892573e+02
3.037219093203893863e+02
2.105800657689687796e+02
3.068233154648041818e+02
5.262930490579747129e+02
2.122649661558389198e+02
3.038167651910334826e+02
2.124555594555567950e+02
3.047466484454926103e+02
2.131645369535253849e+02
3.038898321208544075e+02
2.114413667517947033e+02
3.061958621123048943e+02
5.179808865218074061e+02
2.096209527758473996e+02
3.098994995997636579e+02
4.198666787290130742e+02
4.231143693148624152e+02
7.415929208270099480e+02
2.128179928338504396e+02
3.037430138545460068e+02
2.069853794662922155e+02
3.106497201232996304e+02
5.196454188624338713e+02
2.097844760843145195e+02
3.094221406921569724e+02
4.201025215761910658e+02
4.222469805091386661e+02
4.239554935657070018e+02
3.092647538721212186e+02
4.211863106171076652e+02
4.203190892208658624e+02
4.226560198475199286e+02
4.249385672537900973e+02
3.065642876977217384e+02
5.190452025365666486e+02
2.095570706571743358e+02
3.094654464800260030e+02
4.199605838379357010e+02
4.209697970073611941e+02
4.204871945172781125e+02
4.218899750369018875e+02
4.200909866039000917e+02
4.227930793869018089e+02
3.190956286488508340e+02
3.068488535174983554e+02
7.570747435555967968e+02
3.032149908064166084e+02
2.100607288836908992e+02
3.087352539990388323e+02
4.229817617737571709e+02
4.261166557194374036e+02
3.052207015839230735e+02
2.126539699474524241e+02
3.040311272784601897e+02
2.116161474676628131e+02
3.039577590841799974e+02
5.191965347084333189e+02
2.100800882863113657e+02
3.084715732690237928e+02
9.588617112066713162e+02
2.098225920118275099e+02
3.087406010173144750e+02
4.209172368938161526e+02
4.228037592171167489e+02
7.445535153827804606e+02
5.185289382605988067e+02
2.098668120962975081e+02
3.093661109646782279e+02
4.199323900302697439e+02
4.208769168709986843e+02
4.204481993882509414e+02
4.229431187002919614e+02
7.384609587828454096e+02
2.109420579800789710e+02
3.061830941872322001e+02
5.201453581412497442e+02
2.094003964155854192e+02
3.094466312941804063e+02
3.738912701321823988e+02
4.678992935917922296e+02
4.210264006760262419e+02
5.299747081295936368e+02
4.204029798989358824e+02
4.220016910034464672e+02
3.165865272598166484e+02
3.059389491443871520e+02
2.148910184470587410e+02
3.030315575951535720e+02
2.100603871403436642e+02
3.088940321557747666e+02
4.220357438666396774e+02
4.202747509352630004e+02
4.210938665375579149e+02
5.274271620733779855e+02
4.248374146465794183e+02
6.275142209978948813e+02
2.098236512744915672e+02
3.084902735660143662e+02
4.268467478071106598e+02
3.118639398434024770e+02
6.358965850172971841e+02
2.158592978112865239e+02
3.029521919605904259e+02
2.098519187418860383e+02
3.094520188060996588e+02
4.199396022999135312e+02
4.211252566379262134e+02
4.200547949231404345e+02
4.228182363908854313e+02
4.284759805778739974e+02
3.035694937706284691e+02
2.100854121935553849e+02
3.085125345330161508e+02
9.665603474269155413e+02
2.133178897889156360e+02
3.035844034192268737e+02
2.105292439495096914e+02
3.079092836636118591e+02
5.334510118946782313e+02
4.199917463101446629e+02
4.224361700920853764e+02
4.216710052083362825e+02
3.212124065466923639e+02
3.034211722454638220e+02
2.099723832323215902e+02
3.091063171617279295e+02
4.200265027961286251e+02
4.226568584294873290e+02
4.276249353587336373e+02
3.037464276138343848e+02
2.108639558799914084e+02
3.068874382884532679e+02
5.250849852463288698e+02
2.101995673200872261e+02
3.061885008242388722e+02
2.153745181700796820e+02
3.027373771291458979e+02
2.100844549151952378e+02
3.093941582817642484e+02
4.199191933782713022e+02
4.225682157826377079e+02
4.217625583118933719e+02
3.168105587095778901e+02
3.062080952741962392e+02
2.146153495367034338e+02
3.029566899714118335e+02
2.101173113662225660e+02
3.089728481731435750e+02
4.229947763232048601e+02
4.286197222304181196e+02
3.037256138822122011e+02
2.098756444048485719e+02
3.083971086746314541e+02
4.268225727275421377e+02
3.118568338775658049e+02
6.371625141005788464e+02
5.200776458360196557e+02
2.100545367330196314e+02
3.086023255513282493e+02
4.246997751570015680e+02
6.294155384777113795e+02
2.105628509568923619e+02
3.086069682926172391e+02
5.237497165225504432e+02
2.132247863659285940e+02
3.044018722869222984e+02
2.116257810649403837e+02
3.055898211605090182e+02
2.130970183394092601e+02
3.035710412942280527e+02
2.108681698309956118e+02
3.065415571155317593e+02
5.237278349892294500e+02
2.112210340391902719e+02
3.065827010078937747e+02
5.199714126829348970e+02
2.100921858925430570e+02
3.089786432598484680e+02
4.202593897816841491e+02
4.225800437043653801e+02
4.298936772950110026e+02
3.031446802920836490e+02
2.098791697759006638e+02
3.092388141503324732e+02
4.204200222225917969e+02
