418.485715
839.164010
1583.281800
1793.167929
2102.283582
2523.676379
2943.502342
3366.465897
3798.355392
4102.050420
4311.885123
4620.790708
5043.938380
5476.677903
5780.845771
5990.990823
6298.909907
6827.436774
7038.048302
7345.339837
7567.059732
7875.126692
8092.020712
8395.484526
8605.290698
8914.309779
9336.397672
9756.579480
10179.064064
10494.137038
10802.927869
11233.723721
11538.287031
11750.419261
12055.197957
12267.703309
12572.069917
12783.892655
13089.064484
13302.307170
13606.050075
13816.941734
14123.648711
14341.379736
14645.068760
14855.003950
15163.566325
15592.780480
15899.178330
16115.640753
16418.791907
16628.470855
16938.033259
17357.948750
17779.878535
18200.022913
18621.980728
18941.633131
19245.188179
19455.495981
19763.504729
20293.221346
20508.718110
20811.734647
21021.472625
21330.993569
21750.941591
22173.345631
22595.645338
22910.905767
23219.283946
23753.855772
24076.980290
24380.501839
24590.237810
24899.528426
25320.029787
25742.188051
26163.289015
26692.722300
27112.888742
27535.226816
27851.311681
28158.156535
28375.315062
28678.708456
28888.481487
29197.629854
29618.820419
30038.961358
30461.578801
30886.172126
31193.410202
31412.782554
31717.754309
31928.746564
32234.749367
32449.955303
32752.976715
32962.773554
33272.139616
33692.392373
34115.277385
34544.780543
34847.996486
35057.787087
35367.172834
35787.365429
36210.353408
36643.975060
36948.802399
37159.503564
37466.073808
37683.207098
37986.593963
38196.360908
38505.527966
38926.608832
39346.989054
39768.826826
40188.883735
40609.856760
41141.505554
41450.888210
41872.069324
42292.229809
42714.786244
43138.676274
43447.490982
43876.151333
44183.424763
44404.888809
44712.536028
44928.044941
45231.088672
45440.776495
45750.404018
46170.306704
46591.327539
47011.544519
47433.925924
47856.313301
48171.000646
48480.738026
48900.775180
49323.699598
49753.905187
50057.127865
50266.817051
50576.452766
50996.357954
51417.271348
51837.736406
52259.294747
52678.990979
53099.330536
53521.619032
53943.407302
54263.252019
54566.736896
54776.946877
55085.201752
55726.344508
56151.772059
56457.868274
56672.699456
56975.767911
57185.674240
57494.737923
57916.470706
58336.156876
58756.687247
59178.319514
59598.071538
60017.988208
60440.907908
60870.957580
61174.169878
61383.871741
61693.480186
62113.382656
62534.657088
62954.458438
63377.364945
63806.929106
64110.141290
64319.918807
64629.340105
65049.449351
65472.481736
65910.062714
66220.403550
66647.591239
66956.981756
67377.175588
67800.162583
68233.863202
68538.761744
68749.527688
69055.963369
69272.571932
69575.764622
69785.455577
70094.957374
70514.927758
70937.524865
71361.546981
71670.030321
72311.581243
73170.910870
73475.008230
73686.095047
73992.431034
74208.691044
74511.794838
74721.470381
75031.082521
75450.984156
75872.212816
76292.070325
76715.089946
77150.542993
77457.343190
77670.620959
77974.110164
78184.648163
78492.102326
78716.084960
79029.125158
79556.212160
79981.289015
80300.749328
80604.298728
80814.593033
81122.632086
81653.370372
81878.827554
82197.474464
82502.227080
82714.839623
83019.101982
83230.759262
83536.162753
83749.887732
84053.334995
84263.816883
84571.402029
84799.398653
85543.102914
85964.320188
86384.206026
86807.242738
87245.219242
87556.424669
87976.014725
88398.891086
88827.624081
89130.962156
89340.987086
89649.724252
90075.120148
90393.426604
90697.587824
90908.725764
91214.970432
91430.913854
91733.962938
91943.648319
92253.279341
92673.184125
93094.159801
93514.469701
93936.549172
94357.312167
94897.283617
95200.971743
95410.804590
95719.724505
96142.733483
96570.758791
96874.340240
97084.719662
97392.549641
97922.326667
98132.009066
98441.590056
98861.498868
99283.161402
99702.888244
100122.939437
100545.954571
100981.772911
101289.071058
101503.349506
101806.451843
102016.418269
102325.317232
102748.542858
103193.768858
103610.975932
103831.007549
104136.664074
104348.436416
104653.254873
104865.829971
105170.129580
105381.841986
105687.164815
105900.718513
106204.261196
106414.875376
106722.162000
106943.828620
107251.808640
107468.376579
107771.695529
107981.433036
108290.722565
108711.225776
109133.385511
109554.489847
110084.219336
110505.533563
111141.353035
111351.206644
111660.412647
112081.288767
112502.213388
112922.475750
113344.707320
113766.161109
114093.331564
114400.135613
114613.394214
114916.893220
115127.448616
115434.869068
115658.273402
115969.775022
116389.672708
116810.923983
117340.414513
117760.741172
118186.368382
118492.176459
118706.302914
119009.567367
119219.789344
119528.007821
120387.836089
121133.088377
121350.756193
121654.407054
121864.317598
122172.957942
122600.224601
122910.504568
123333.430697
123646.551478
123962.415916
124269.732134
124489.348500
124794.567086
125005.823300
125311.375310
125525.434853
125828.725869
126038.989468
126347.106093
126883.209559
127194.816254
127722.227728
128142.644022
128564.700517
128985.381225
129632.219588
129935.512849
130145.184628
130454.802774
130874.704031
131295.881334
131715.811299
132138.841767
132576.134837
132885.901625
133417.897362
133837.801469
134258.809609
134679.051617
135101.352974
135523.212311
135842.201237
136146.072291
136356.807558
136663.836126
136883.340085
137188.445719
137399.575781
137705.335743
137919.885527
138223.014241
138433.027092
138741.799182
139166.651361
139491.044589
139795.353442
140005.593990
140313.252250
140984.354349
141291.067321
141504.162131
141807.760696
142018.451789
142325.572270
142545.736626
142851.574238
143063.578838
143368.119108
143580.218610
143885.036569
144097.611180
144401.908693
144613.623660
144918.946571
145132.498986
145436.040242
145646.655313
145953.942237
146175.587589
146483.526009
146699.960957
147003.228537
147212.945794
147522.327204
147942.533214
148365.497491
148797.969418
149101.969056
149311.997004
149620.265333
150260.653818
150681.074763
151103.079113
151523.574248
151958.627353
152264.713732
152476.860299
152781.246644
152993.096669
153298.230403
153511.398216
153815.192723
154026.163521
154332.718770
154549.795846
154853.157247
155062.912462
155372.124750
155792.963440
156214.003069
156634.043192
157056.918427
157486.144157
157789.387814
157999.247235
158308.443724
158729.366027
159150.159003
159570.729899
159991.938031
160411.740766
160834.643868
161264.115022
161567.332151
161777.130881
162086.496265
162506.745308
162929.639522
163359.423005
163662.627526
163872.366920
164181.892178
164601.834599
165024.187122
165446.108209
165764.441174
166068.734636
166280.066550
166585.978790
166800.935732
167103.983719
167313.847309
167623.026281
168044.043174
168464.582398
168885.898979
169305.610366
169727.913226
170149.539120
170471.850116
170775.165712
170984.839109
171294.452151
171714.356670
172135.552813
172555.453544
172978.491463
173417.073092
173729.764554
174370.350262
174677.145687
174894.252350
175197.628253
175407.389495
175716.578426
176137.544091
176558.217834
176979.115598
177399.434328
177821.484170
178242.140898
178880.149705
179197.858169
179502.677694
179714.815102
180019.586184
180232.080082
180536.461505
180748.303380
181053.447244
181266.636210
181570.415337
181781.363316
182087.961666
182305.212633
182608.651917
182818.443083
183127.510169
183549.235750
183968.917347
184389.517641
184810.911749
185230.589399
185652.290259
186072.055131
186491.927045
186914.661493
187340.463556
187645.825936
187858.996527
188162.787883
188373.755293
188680.318256
188897.429800
189200.807237
189410.569710
189719.752734
190140.739851
190561.357226
190982.429260
191402.412992
191825.386153
192258.296390
192562.580411
192772.814010
193080.489217
193632.010136
193936.921512
194149.824505
194453.825892
194665.091677
194971.112323
195186.371205
195489.391488
195699.176233
196008.574542
196428.736180
196851.757161
197288.233759
197596.535794
197813.845175
198117.528425
198327.459393
198636.037115
199064.846080
199371.869036
199591.325222
199896.377407
200107.454311
200413.306283
200628.099456
200931.173796
201141.093254
201450.120473
201872.139448
202292.161249
202712.817538
203151.837837
203465.259317
204228.348149
204531.764672
204741.543042
205050.659832
205472.053274
205891.877041
206314.838728
206746.593354
207050.227149
207260.027963
207569.059630
207991.057559
208411.039077
208831.408324
209254.665666
209565.958009
210109.592017
210416.376664
210629.628239
210933.131427
211143.691380
211451.099753
211674.284469
211985.267495
212405.089318
212827.979047
213257.656500
213560.862629
213770.617408
214080.096895
214500.099645
214922.893783
215349.754742
215654.053326
215865.432774
216171.263954
216386.007385
216689.091429
216899.028950
217208.004439
217630.458106
218052.081053
218374.463612
218677.794187
218887.468387
219197.065451
219616.968542
220038.386103
220458.078801
220880.123179
221300.598866
221733.305419
222037.344345
222247.398626
222555.585632
223307.545219
223945.574057
224368.616805
224680.112123
225208.231442
225632.138079
225941.349463
226363.792451
226785.367941
227108.770184
227412.423035
227622.224461
227931.254699
228353.251555
228773.234669
229193.596342
229616.758884
229928.423986
230456.185331
230880.196372
231409.433534
231829.604173
232251.983438
232567.758201
232875.129438
233095.138356
233400.792124
233612.557352
233917.384306
234129.973514
234434.258729
234645.949907
234951.302878
235164.922432
235468.426264
235678.989835
235986.392631
236209.517038
236520.358164
236940.700575
237361.946271
237781.712312
238204.463865
238630.562522
238935.581291
239148.109960
239452.453636
239664.237209
239969.464006
240182.815540
240486.483416
240697.271952
241004.187366
241222.992733
241527.447382
241737.953918
242044.949408
242264.246517
242569.143237
242780.060615
243086.201990
243301.815613
243604.834032
243814.554824
244124.120566
244544.032628
244965.889070
245385.872315
245806.253828
246229.733867
246540.230421
246963.058500
247276.680547
247589.995299
247905.059306
248214.007815
248640.587593
248952.983092
249272.718599
249576.265879
249786.561530
250094.597986
250625.242972
250848.243523
251158.805636
251581.031988
252004.104660
252315.490185
252847.094284
253156.829367
253576.800636
253999.404760
254423.491090
254731.817888
255265.786430
255793.632325
256217.179570
256749.318251
257057.075304
257282.629089
257601.799704
257906.044202
258117.803501
258423.062853
258636.480277
258940.105584
259150.833817
259457.873023
259677.439290
259982.609884
260193.812068
260499.453469
260713.720671
261016.933066
261227.077990
261535.492191
261971.906583
262275.320911
262485.100290
262794.217630
263215.596735
263635.437302
264058.426892
264491.742367
264796.320525
265006.798136
265313.865070
265533.627553
265839.007041
266050.439769
266355.719438
266569.178594
266872.778919
267083.471400
267390.588658
267610.725224
267916.531002
268128.491235
268433.083334
268645.262474
268949.983107
269162.386000
269466.861054
269678.850989
269983.802492
270196.622466
270500.694259
270712.066583
271017.911325
271232.687511
271535.764079
271745.690665
272054.702381
272476.839093
272897.148321
273322.148976
273628.941228
273846.045939
274149.420670
274359.181894
274668.372845
275089.323743
275510.033287
275930.832268
276351.391227
276772.640094
277192.401815
277615.117850
278040.664070
278346.356155
278560.215339
278863.594058
279073.982200
279381.792193
279912.313618
280122.075199
280431.266924
280852.207745
281272.948575
281693.662225
282114.450650
282535.035047
282956.201730
283376.049598
283799.049885
284233.039212
284538.192822
284749.215018
285055.164417
285270.216591
285573.252703
285783.090112
286092.344437
286512.990804
286934.661200
287354.450509
287774.261332
288196.350932
288616.983416
289252.540606
289672.631241
290095.602622
290528.415334
290832.632799
291042.814411
291350.628779
291880.961123
292090.691194
292400.016816
292820.390764
293242.960423
293666.984120
293975.460661
294618.452159
294935.535989
295241.006516
295454.325732
295758.015397
295968.832958
296275.687256
296494.145525
296798.317354
297008.595623
297316.157620
297542.933849
298181.454516
298718.626798
299027.057625
299569.397280
299872.674361
300082.555506
300391.691016
300812.955520
301232.963375
301655.894839
302086.984171
302390.378090
302600.071002
302909.551853
303329.554305
303752.345627
304179.202285
304483.507061
304694.895262
305000.710510
305215.412010
305518.504913
305728.458603
306037.391581
306460.247743
306885.553490
307191.586748
307406.262072
307709.360012
307919.323797
308228.230140
308651.362867
309083.421978
309387.197477
309597.082138
309905.821244
310331.202863
310649.591021
310953.696428
311164.758869
311471.142369
311687.569085
311990.711413
312200.390908
312509.962372
312929.873398
313351.659098
313771.525370
314191.373701
314611.476472
315034.413914
315465.750524
315769.220408
315978.943428
316288.289219
316708.599642
317131.348959
317557.818302
317862.457974
318074.363944
318379.425513
318592.457907
318896.355202
319107.472904
319413.755546
319629.830619
319932.896287
320142.576372
320452.208718
320872.112984
321293.071551
321713.424674
322135.355319
322555.634050
322979.911791
323288.170608
323818.523676
324037.850675
324342.773724
324553.721041
324859.808452
325075.257765
325378.273720
325588.018251
325897.518300
326317.491081
326740.109516
327164.336022
327472.337442
328005.081486
328215.594352
328522.576609
328741.795439
329046.615009
329257.458000
329563.740958
329779.813900
330082.879223
330292.558943
330602.190009
331022.097335
331443.046027
331863.422614
332285.276974
332705.370567
333126.705709
333663.145825
333969.446525
334185.576367
334488.652426
334698.330979
335007.960574
335427.864858
335848.864219
336269.124248
336691.367393
337112.902997
337437.307954
337741.485640
337951.626385
338259.557321
338788.102621
338999.030922
339305.662227
339523.053469
339826.557187
340036.386224
340345.321173
340768.170456
341193.360081
341499.566821
341714.708942
342017.734893
342227.549601
342536.869766
342957.261611
343379.779823
343803.295818
344113.162031
344533.066903
344953.990712
345374.428652
345796.069948
346215.831811
346635.717458
347058.521087
347485.570388
347789.725044
348000.897172
348307.080457
348522.830142
348825.858149
349035.560043
349345.160810
349765.065715
350186.427475
350606.151570
351028.595051
351451.173227
351764.777189
352078.180726
352392.772736
352702.929296
353123.259818
353544.546558
354075.952132
354603.956039
355025.388071
355445.058239
355866.331705
356286.136175
356709.035625
357138.478427
357441.698079
357651.503048
357960.850047
358381.154449
358803.919575
359230.710494
359535.068750
359746.536241
360052.227769
360266.617006
360569.789729
360779.875822
361088.450004
361517.337955
361824.234106
362042.910137
362347.254299
362557.670614
362864.884923
363085.820062
363392.669250
363606.302662
363909.615227
364119.906409
364427.951370
364958.945653
365488.073785
365697.834367
366007.290318
366427.327949
366850.262242
367280.751081
367584.012862
367793.685561
368103.327146
368523.236255
368944.066006
369364.743571
369785.633703
370205.973795
370627.948070
371048.357500
371476.801770
371780.284631
371990.523285
372298.700797
373162.625130
373476.841611
373788.132441
374531.896901
374951.691496
375373.118463
375792.804787
376214.776358
376635.027571
377058.729685
377368.520473
377788.437031
378210.378439
378630.554864
379052.949786
379368.608957
379676.194060
379898.131699
380206.574793
380425.196751
380729.847361
380940.529996
381247.139346
381464.434619
381767.892559
381977.696102
382286.723999
382708.758624
383128.812889
383549.768952
384082.852899
384389.234399
384604.875973
384907.895093
385117.611619
385427.185699
385847.094816
386268.850683
386688.673090
387108.465572
387529.577188
387949.614652
388372.489233
388801.683775
389104.930983
389314.799431
389623.970360
390045.028406
390465.460009
390887.130725
391306.923964
391726.731632
392148.765386
392569.208407
392999.379740
393302.588177
393512.296490
393821.892960
394241.796560
394663.232236
395082.917225
395504.784648
395924.794682
396345.354191
396774.135748
397077.505753
397287.583185
397596.185847
398024.327417
398332.567694
398977.864425
399285.751882
399954.484048
400258.842908
400469.118793
400776.682206
401003.483354
401645.730349
401964.230823
402268.447380
402479.669353
402785.768345
403001.258511
403304.274512
403514.013188
403823.531562
404243.480483
404665.910471
405088.377456
405402.594651
405713.707978
406352.275845
406778.805149
407083.386349
407295.194517
407600.386196
407813.667802
408117.383058
408328.237002
408635.017215
408853.100442
409157.007385
409367.088089
409675.197861
410210.483945
410526.114214
410833.859966
411058.206576
411372.362907
411690.286778
411994.625412
412206.021659
412511.827070
412726.506863
413029.605079
413239.566693
413548.477831
413971.555049
414401.375284
414704.580569
414914.312247
415223.850775
415643.781501
416065.983973
416487.078318
417016.352235
417436.192059
417856.001262
418276.556823
418698.099995
419117.791428
419538.232145
419960.163010
420380.437130
420804.666451
421113.042823
421652.809605
421957.360630
422169.071579
422474.398726
422687.957630
422991.497485
423202.105748
423509.405935
423731.211874
424039.427686
424256.931205
424560.729075
424770.734579
425079.073159
425841.049073
426144.362715
426354.309940
426663.261340
427085.949335
427509.301774
427819.687683
428241.512348
428564.924820
428868.579986
429078.385641
429387.408764
429809.467632
430229.582574
430651.145556
430980.877514
431292.099547
431711.681334
432134.523938
432562.412065
432866.058582
433076.525105
433384.148198
433615.286103
434030.906295
434243.963177
434547.862239
434758.978917
435065.259358
435281.331188
435584.397637
435794.076156
436103.708790
436523.614800
436944.563813
437364.935229
437786.806543
438206.935333
438628.681240
438951.674338
439255.170471
439464.898918
439774.229214
440194.589137
440617.203538
441041.754618
441349.074722
441569.022972
441874.603693
442086.279760
442391.222367
442604.018591
442908.112153
443119.511155
443425.308795
443639.967987
443943.069312
444153.039019
444461.929235
444885.252054
445527.150742
445839.450152
446160.234750
446463.508948
446673.385920
446982.535948
447403.707707
447823.890128
448246.381284
448669.664621
448980.287389
449404.707475
449712.848740
450241.385652
450451.850512
450759.476566
450990.843461
451406.191426
451618.490458
451923.109733
452135.338220
452440.001953
452652.309252
452956.887142
453169.050509
453473.790795
453686.230615
453990.666927
454202.594669
454507.627175
454720.595629
455024.543461
455235.730175
455541.885268
455757.553953
456060.575370
456270.287677
456579.868754
456999.774625
457421.425704
457841.142513
458261.266888
458684.166162
459114.071933
459417.276357
459626.997992
459936.565442
460356.478861
460778.301451
461198.227769
461618.276912
462038.285229
462458.156535
462878.120207
463301.132797
463736.189237
464042.484420
464254.934312
464559.024109
464770.421500
465076.226341
465290.898067
465593.996442
465803.960279
466112.866399
466536.011182
466968.595091
467272.663721
467482.739936
467790.863150
468327.418965
468637.491206
469057.590166
469477.422417
469897.646622
470320.296753
470745.312889
471051.798601
471267.783806
471570.837232
471780.518535
472090.150853
472510.058244
472931.012073
473351.373921
473773.276082
474193.479079
474616.336730
474929.340314
475245.946873
475552.099258
475766.990202
476070.047696
476279.934585
476589.053329
477010.419387
477430.277459
477853.293087
478288.549484
478595.095933
478807.936300
479111.706740
479322.642546
479629.266400
479846.630535
480150.121915
480359.940689
480668.903116
481091.493013
481514.028821
481827.875544
482140.284936
482463.468182
482767.011757
482976.757121
483286.005872
483706.680636
484128.248843
484547.949687
484968.234490
485390.702295
485813.773346
486125.160609
486656.802586
486966.426345
487386.607376
487809.610599
488244.303510
488550.182561
488762.045971
489066.751833
489279.128109
489583.630088
489795.665957
490100.560665
490313.273426
490617.441926
490828.955076
491134.574303
491348.788804
491652.020364
491862.193981
492170.537890
492920.618117
493139.402472
493443.833564
493654.323650
493961.360741
494180.907190
494486.055983
494697.236277
495002.915230
495217.272293
495520.454454
495730.556737
496039.089973
496469.235210
496774.444515
496987.757866
497291.451914
497502.278768
497809.116997
498027.500323
498331.618429
498541.852165
498849.527491
499400.943758
499705.958827
499919.065682
500222.905682
500433.937978
500740.375078
500956.994097
501260.189322
501469.880269
501779.379184
502199.353830
502621.983783
503046.368824
503354.029627
503577.590031
503889.484918
504311.876924
504625.539394
504938.685037
505254.717193
505561.746824
505779.733643
506083.577355
506293.613877
506601.855866
507245.328009
507559.283290
507871.283580
508835.257444
509046.030331
509352.976940
509571.971026
509876.584352
510087.233677
510393.911619
510611.518727
510915.135404
511125.027119
511433.736970
511859.604058
512175.007606
512482.657370
512705.380699
513015.336697
513457.473890
513768.087971
514189.867279
514610.397737
515356.004684
515565.735771
515875.052140
516295.459942
516717.924796
517140.959055
517452.496095
517980.052193
518399.872164
518821.999714
519242.782570
519778.998389
520082.527036
520292.827096
520600.848917
521130.914454
521348.187484
521651.636389
521861.436866
522170.481066
522592.364913
523012.170394
523431.963961
523853.622758
524273.346073
524693.416906
525116.406926
525550.310642
525855.389132
526066.331331
526372.424593
526587.896388
526890.909466
527100.651492
527410.161368
527830.122554
528252.635306
528675.815201
528986.806229
529730.705312
529941.574747
530248.328604
530466.290730
530770.118700
530980.146654
531288.421109
531928.752660
532350.751401
532771.085931
533196.816673
533502.486117
533716.294987
534019.698200
534230.120854
534537.848649
535074.659748
535288.595858
535591.793221
535801.913257
536110.396542
536542.454494
536846.113772
537056.888164
537363.832532
537582.809207
537887.407674
538098.043449
538404.753101
538622.491287
538926.182272
539136.120871
539444.677034
539874.113613
540180.195017
540395.629109
540698.643712
540908.391153
541217.885142
541637.866119
542060.551772
542485.637721
542792.008386
543007.626653
543310.643699
543520.364001
543829.930446
544249.841870
544671.691425
545091.660968
545511.947768
545933.970590
546252.877146
546556.794506
546767.593281
547074.487032
547293.183968
547597.542340
547807.970110
548115.155221
548335.830346
548642.317060
548855.298748
549158.973070
549369.767941
549676.670181
549895.401630
550199.791139
550410.245852
550717.368236
550937.540632
551243.389203
551455.411817
551759.933749
551972.004343
552276.857550
552489.493155
552793.733584
553005.356997
553310.810540
553524.645396
553828.036957
554038.441116
554346.211228
554878.817785
555089.264751
555396.402319
555616.680527
555922.659543
556134.857700
556439.189784
556650.957499
556956.205620
557169.606011
557473.242263
557683.988539
557990.992494
558210.339514
558515.285353
558726.253042
559032.301196
559247.634939
559550.650679
559760.420264
560069.861103
560489.927645
560912.920480
561346.289686
561650.912178
561861.424315
562168.404675
562387.595331
562692.388824
562903.206183
563209.539429
563425.782326
563728.879134
563938.556346
564248.171983
564668.074550
565089.259699
565509.175624
565932.212175
566370.579273
566682.719794
567106.718238
567414.844364
567943.458024
568153.639272
568461.961923
569113.560423
569417.485855
569628.640232
569934.857370
570150.712756
570453.750720
570663.442900
570973.065063
571392.968766
571814.058430
572234.135188
572656.923114
573084.103278
573388.162986
573599.202430
573905.628952
574122.201915
574425.382836
574635.072362
574944.588451
575364.541632
575786.982283
576209.553812
576523.202437
576836.413104
577152.057294
577459.778879
577683.635226
577996.323601
578542.078767
578853.293864
579272.868388
579695.685997
580123.028827
580426.982358
580637.869296
580944.586519
581162.366373
581466.082270
581676.033181
581984.539570
582415.705015
582719.959362
582931.599447
583237.026460
583450.806129
583754.226787
583964.669337
584272.348084
584821.764297
585129.499694
585659.111410
585868.797629
586178.402917
586598.307308
587019.608527
587439.382177
587862.179402
588289.072373
588593.345136
588804.690679
589110.580072
589325.479403
589628.533323
589838.419094
590147.544699
590568.872129
590988.780537
591411.819239
591850.289322
592162.692198
592593.809556
592897.264765
593106.980779
593416.354524
593836.579770
594259.519027
594690.906987
594994.394266
595204.126907
595513.437536
595933.861869
596356.281812
596778.961879
597092.054387
597408.089772
597715.110167
597933.047157
598236.857793
598446.870960
598755.181928
599400.215999
599723.117937
600026.656758
600236.401062
600545.656936
600966.300810
601387.975004
601807.768068
602227.572027
602649.579900
603069.935523
603496.320345
603801.212278
604013.529444
604318.097530
604530.241213
604835.003071
605047.481211
605351.876900
605563.741824
605868.858750
606081.985942
606385.811652
606596.819954
606903.301428
607120.084950
607423.333023
607633.042914
607942.455347
608362.584125
608785.619845
609223.760237
609535.347255
609955.136604
610375.491941
610798.525618
611110.721576
611437.853679
611744.517549
611957.536436
612261.183966
612471.944788
612778.917914
612998.067581
613302.826968
613513.609228
613820.012164
614036.499904
614339.656522
614549.339191
614858.890896
615278.813011
615700.851350
616121.306420
616552.275480
616855.594926
617065.271073
617374.859094
617794.764125
618216.323440
618635.998873
619056.789638
619477.581962
619898.157388
620319.360172
620739.167798
621162.083079
621592.039138
621895.247852
622104.960851
622414.545365
622834.451572
623256.056763
623675.748429
624096.177164
624518.152814
624938.563475
625367.005547
625670.488869
625880.727724
626188.907066
627053.743509
627364.194080
627786.140279
628107.278151
628410.512256
628620.287435
628929.712315
629349.814028
629772.845554
630209.784033
630518.882551
630742.216379
631054.624271
631808.929357
632113.920206
632326.346237
632630.795944
632842.746915
633147.747217
633360.659090
633664.655063
633875.909742
634181.947035
634397.263587
634700.279723
634910.051297
635219.482679
635639.573228
636062.593690
636498.475640
636805.864709
637020.353750
637323.413598
637533.305834
637842.413684
638263.852556
638683.627195
639106.418454
639533.218277
639837.568134
640049.022801
640354.733688
640569.169384
640872.329297
641082.390983
641391.026017
641818.409995
642128.378633
642549.034291
642977.605012
643281.042343
643491.216605
643799.562293
644548.618632
644762.365373
645065.801019
645276.268580
645583.893078
645815.246553
646230.606758
646442.945775
646747.521735
646959.679776
647264.427848
647476.878662
647781.301746
647993.210802
648298.265731
648511.283543
648815.193017
649026.325043
649332.579924
649548.556029
649851.610088
650061.291206
650370.924805
650790.830246
651211.784576
651632.145735
652054.056999
652474.292176
652897.676643
653208.506360
653637.639497
653940.944226
654150.916653
654459.797648
654883.205165
655518.443571
655942.121158
656471.316095
656796.509860
657101.247550
657311.850794
657618.627817
657836.696085
658140.594152
658350.665441
658658.799131
659196.493306
659503.820878
659723.514084
660028.816713
660240.166152
660545.573596
660759.307800
661062.749584
661273.226110
661580.826442
661809.597575
662236.746270
662541.008369
662752.283268
663058.288498
663273.503803
663576.527027
663786.321873
664095.691747
664515.927061
664938.848186
665369.463238
665672.746079
665882.417362
666192.045658
666611.950087
667032.972790
667453.182100
667875.590121
668298.180984
668611.723012
668925.397030
669238.731959
669553.689203
669862.886272
670285.878237
670713.476476
671017.274288
671227.947281
671535.108130
671755.591922
672061.827060
672274.401488
672578.383794
672789.616011
673095.690617
673311.108499
673614.124719
673823.875276
674133.361736
674553.352386
674976.090473
675401.973163
675707.239730
675920.222897
676224.158058
676435.329720
676741.513603
676957.272539
677260.298280
677470.000866
677779.606021
678199.507282
678620.838191
679040.587458
679463.236862
679887.856970
680195.044557
680414.088690
680718.747610
680929.441380
681236.029249
681453.240191
681756.657443
681966.441447
682275.546133
682697.013844
683116.761931
683539.415368
683964.089615
684271.175789
684489.654130
684793.844086
685004.133523
685311.663198
685537.399783
685857.666751
686161.149553
686371.784948
686679.024157
686900.180178
687207.350233
687421.655484
687724.750928
687934.708332
688243.632796
688666.592324
689093.612876
689397.790687
689608.993833
689915.120926
690130.704486
690433.719684
690643.443587
690952.997450
691372.918327
691794.931398
692215.298480
692642.092495
692946.591309
693158.270317
693463.643592
693677.297841
693980.781790
694191.316808
694498.784601
694723.045082
695036.924518
695357.727692
695660.961856
695870.735335
696180.166520
696600.252466
697023.269828
697458.615440
697765.277238
697978.310542
698281.948608
698492.694930
698799.697603
699019.040799
699323.981829
699534.944915
699841.000924
700056.361554
700359.377063
700569.140655
700878.597315
701298.634483
701721.556053
702151.679894
702454.896769
702664.589277
702974.213274
703394.117567
703815.186257
704235.302563
704657.990081
705083.493325
705389.244362
705603.233948
705906.554553
706116.858028
706424.873469
706954.814756
707171.392441
707474.576351
707684.263853
707993.780175
708413.734666
708836.204272
709259.002647
709571.542287
709892.159892
710195.461017
710405.387307
710714.398865
711136.544592
711556.877038
711982.571982
712288.289199
712502.205487
712805.558055
713015.909199
713323.809863
713852.384461
714062.667456
714370.731874
714902.682999
715324.459769
715744.169939
716164.387091
716587.055516
717012.326529
717318.409121
717533.210899
717836.284129
718046.200962
718355.235729
718777.189713
719197.093018
719617.046526
720036.835575
720457.974340
720877.966780
721300.928604
721733.309555
722037.255962
722247.248373
722555.626366
722996.902701
723305.060220
723522.320565
723825.974602
724035.885608
724344.523429
724771.840883
725081.985139
725503.677962
725831.369414
726138.884676
726353.647435
726656.673122
726866.483132
727175.814920
727596.175864
728018.784174
728443.274731
728750.719463
728971.653825
729278.503822
729492.139137
729795.452240
730005.742455
730313.788765
730844.851996
731373.470012
731584.824195
731890.694063
732105.534168
732408.599718
732618.503073
732927.573122
733349.262427
733768.933605
734189.839621
734610.323949
735031.816303
735451.493080
735872.326187
736292.998216
736713.896787
737134.218132
737556.258292
737976.877797
738612.293824
739035.847689
739570.454873
739874.842212
740086.351958
740391.976922
740606.206137
740909.431513
741119.598137
741427.959225
741880.524221
742295.165664
742505.059740
742814.392251
743234.743063
743657.382689
744082.249913
744388.982949
744605.854228
744909.135231
745118.853859
745428.216016
745848.482007
746271.340202
746700.090723
747003.423275
747213.443824
747522.198761
747947.282719
748268.399404
748571.625403
748781.368193
749090.881696
749510.839400
749933.336474
750356.355047
750667.950496
751195.243899
751618.623114
752590.586305
752894.405677
753105.067255
753412.250515
753632.926986
753939.414165
754152.396361
754456.067787
754666.863621
754973.766989
755192.508393
755496.905107
755707.366528
756014.472858
756234.528615
756540.235001
756752.069238
757056.811303
757269.249054
757573.684743
757785.614507
758090.644820
758303.607939
758607.559664
758818.754219
759124.899305
759340.528131
759643.547547
759853.266705
760162.836613
760582.748542
761004.541278
761424.420016
761844.294611
762264.229520
762687.196519
763119.190938
763422.933084
763632.798421
763941.602586
764365.981581
764908.605211
765211.784479
765421.471872
765730.994257
766150.940254
766573.310699
766995.359112
767312.499244
767617.905215
767831.090677
768134.872836
768345.821973
768652.417707
768869.665020
769173.101228
769382.892860
769691.963775
770113.656854
770533.331447
770954.175413
771374.822907
771795.800191
772215.951517
772638.540996
773062.812503
773370.715696
773924.244759
774227.723499
774438.355375
774745.603884
774966.877088
775274.225834
775488.946249
775791.977280
776001.798965
776311.096716
776731.570650
777153.822538
777575.388432
777898.991062
778202.730347
778412.582280
778721.431691
779145.218417
779675.571770
779989.005771
780303.196455
780614.571832
781151.068471
781454.522405
781664.718025
781973.004895
782614.117561
783035.161393
783455.193079
783878.084081
784307.764899
784610.970738
784820.725625
785130.207099
785550.206415
785972.989155
786399.645671
786704.117628
786915.758086
787221.186301
787434.966791
787738.384120
787948.828590
788256.506793
788806.171864
789113.477332
789336.626013
789647.521776
790067.634475
790489.660289
790910.232363
791553.275612
791862.742754
792282.766704
792705.653581
793134.638005
793437.920898
793647.854238
793956.845505
794379.167675
794800.144935
795327.366293
795749.866615
796172.768457
796484.847783
796830.288626
797249.585284
797458.966643
797769.298444
798192.873095
798503.363147
798926.114659
799240.150011
799551.866691
800079.626068
800503.645099
801033.103579
801454.065090
801981.325608
802402.633118
802822.414237
803245.234005
803672.617963
803976.544019
804187.394215
804494.184945
804712.321887
805016.266978
805226.373232
805534.408325
806064.993572
806287.013056
806595.596460
806815.068027
807120.583901
807332.179498
807637.230532
807850.231056
808154.153416
808365.303272
808671.525463
808887.399674
809190.437381
809400.129257
809709.752328
810129.654143
810550.736597
810970.827876
811393.580253
811820.143461
812124.697771
812336.468252
812641.713211
812855.100994
813158.744459
813369.500858
813676.483239
813895.694673
814200.507275
814411.343212
814717.639040
814933.752242
815236.826617
815446.503999
815756.134021
816176.039578
816597.020505
817017.320526
817439.432018
817860.333869
818388.572791
818818.434761
819121.642407
819331.396341
819640.878514
820060.875502
820483.642152
820910.007549
821214.749084
821426.812976
821731.673200
821944.322161
822248.550088
822460.153832
822765.635824
822979.533823
823282.895555
823493.257485
823801.126781
824329.989917
824539.875131
824848.993108
825270.372094
825690.213372
826113.204258
826546.617757
826851.271533
827061.814595
827368.727627
827587.526140
827891.973754
828102.474754
828409.485684
828628.869488
828933.850481
829144.857191
829450.837492
829665.980300
829969.007395
830178.819868
830488.140756
830908.530560
831331.059387
831754.708416
832064.183503
832484.880595
832906.373759
833326.048769
833746.888657
834167.547009
834588.491178
835008.710729
835431.083368
835853.425919
836168.410098
836477.409479
836903.049852
837219.702067
837525.432375
837739.293878
838042.674003
838253.059800
838560.872776
839091.175077
839300.901469
839610.245478
840030.564828
840453.293433
840879.441224
841184.405574
841396.846930
841701.282020
841913.206097
842218.240783
842431.215649
842735.159781
842946.340367
843252.507198
843468.201867
843771.225134
843980.932225
844290.523175
844710.426875
845131.977326
845551.650408
845972.533372
846393.071195
846814.385055
847234.098810
847656.428650
848078.218637
848398.038172
848701.534331
848911.753112
849219.980634
849869.239026
850172.763354
850383.064635
850691.089051
851221.298863
851439.511931
851743.505755
851953.648541
852261.577943
852790.120423
853001.031936
853307.698870
853525.250252
853828.837476
854038.709878
854347.482178
854772.373521
855096.050425
855399.929312
855609.864852
855918.426325
856347.710496
856654.005933
856870.108742
857173.182257
857382.859466
857692.489815
858112.396019
858533.371505
858953.684119
859375.750119
859796.471997
860539.878926
860962.367072
861385.160896
861697.714379
862018.147600
862321.486611
862531.474872
862840.313444
863264.226914
863791.849015
864212.866536
864742.343709
865065.377329
865368.887228
865578.619469
865887.927753
866308.360213
866730.750929
867153.205360
867467.497297
867778.369511
868207.235090
868510.605727
868720.685134
869029.280775
869457.551717
869765.537515
870294.670752
870507.896977
870811.650586
871022.557793
871329.235117
871546.833989
871850.445951
872060.336834
872369.053902
872794.803811
873110.825751
873417.429311
873633.677993
873936.776949
874146.453281
874456.066097
874875.970283
875297.163100
875717.066918
876140.106175
876578.836379
876891.934209
877418.809040
877841.206242
878263.334775
878579.824377
878886.057147
879101.158790
879404.190069
879614.013557
879923.304027
880343.803837
880765.978003
881187.152850
881722.297834
882030.902387
882459.016146
882767.316472
883409.423523
883829.253002
884249.044792
884670.000280
885090.363421
885512.259805
885932.449790
886355.060845
886669.350434
886980.228938
887409.291889
887712.611751
887922.611578
888231.425541
888655.687354
889187.094126
889724.710570
890029.383282
890241.703494
890546.267250
890758.404264
891063.176444
891275.669572
891580.049759
891791.888833
892097.036438
892310.228720
892614.005188
892824.950115
893131.555887
893348.840629
893652.296084
893862.096537
894171.132559
894593.095821
895013.019322
895433.053150
895852.997756
896272.787745
896694.187586
897113.888331
897536.050397
897956.968539
898484.803362
898905.985892
899433.516289
899858.284862
900181.080457
900484.581930
900694.307971
901003.634604
901424.013067
901846.571337
902270.525626
902579.179500
903014.980725
903318.184224
903527.877771
903837.366338
904257.354105
904680.067963
905105.596743
905411.314165
905625.229725
905928.581528
906138.933629
906446.833648
906975.412305
907185.681535
907493.779692
908027.937987
908571.785910
908875.313698
909085.150952
909394.047613
909817.322471
910572.972763
910876.968497
911087.874116
911394.554274
911612.174670
911915.801250
912125.698193
912434.391028
912860.564128
913174.531388
913485.735798
914123.255121
914451.234417
914759.171818
914975.107591
915278.230263
915487.907052
915797.502138
916217.406059
916638.861707
917058.539972
917480.252224
917900.027316
918319.868750
918742.374235
919165.473021
919476.761444
920022.757456
920333.568804
920754.765765
921174.437131
921595.873434
922015.556837
922437.422123
922857.428620
923277.954936
923705.306056
924009.365881
924220.401250
924526.830828
924743.414607
925046.601024
925256.288365
925565.801698
925985.760165
926408.249609
926831.212978
927143.032748
927676.197294
927991.559142
928299.285702
928523.259401
928836.281097
929363.220718
929788.064048
930110.125139
930413.434662
930623.105686
930932.728401
931352.632628
931773.729479
932193.791985
932616.609770
933044.409929
933348.098466
933558.625585
933866.110056
934090.733846
934405.812290
934718.329934
935035.931134
935340.910318
935553.316778
935857.787158
936069.773553
936374.728954
936587.558573
936891.623315
937102.982864
937408.848144
937623.679381
937926.745321
938136.650792
938445.717889
938867.450896
939287.137976
939707.665208
940129.301884
940549.057994
940968.957522
941391.823028
941820.247502
942123.676547
942333.837573
942642.213741
943083.814600
943392.531218
943612.967556
943919.699621
944133.109988
944436.526937
944646.966832
944954.652380
945501.578917
945816.315692
946125.079590
946557.072072
946860.768231
947071.593417
947378.432498
947596.830399
947900.955253
948111.196102
948418.853285
949302.270253
949605.709644
949816.181317
950123.792757
950353.701348
950772.182846
951197.680777
951515.353380
951820.008391
952031.881305
952336.984586
952550.090325
952853.931534
953064.962842
953371.401457
953588.020349
953891.215204
954100.907527
954410.405469
954830.379314
955253.021974
955677.546138
955984.921535
956205.267951
956511.328715
956723.643886
957027.860871
957239.446102
957544.954214
957758.913923
958062.249022
958272.571056
958580.539665
959109.431753
959321.837508
959626.307183
959838.294656
960143.250257
960356.077956
960660.143634
960871.507800
961177.366219
961392.179129
961695.248622
961905.161979
962214.208097
962636.084589
963055.881880
963475.681840
963897.571625
964317.630062
964738.613203
965269.635446
965581.020502
966112.873617
966421.919353
966846.196661
967378.282774
967699.767741
968003.005147
968212.702702
968522.324256
968942.227667
969363.327619
969783.383472
970206.217051
970634.341752
970937.882569
971148.203721
971456.176410
971985.134319
972197.763258
972502.008882
972713.641474
973019.081539
973232.892076
973536.295964
973746.718998
974054.446034
974591.189244
974805.033531
975108.262860
975318.429688
975626.788786
976380.959299
976592.528920
976897.615569
977110.689644
977414.553605
977625.623506
977931.994059
978148.369157
978451.498377
978661.174756
978970.760477
979390.667466
979812.253536
980231.937069
980652.514039
981073.979230
981493.649551
981914.745290
982334.810553
982757.624974
983185.336235
983489.070989
983699.658279
984007.007875
984229.381693
984538.635577
985078.486144
985606.724732
985816.813652
986125.376930
986554.605688
986860.978632
987077.356080
987380.483779
987590.162890
987899.748749
988319.654733
988741.239653
989160.922641
989581.508318
990002.950481
990422.618656
990843.908810
991263.695359
991686.542617
992114.547010
992418.138467
992628.533722
992936.329986
993467.382629
993677.265134
993986.014663
994411.213735
994731.147417
995034.539348
995244.613805
995553.223820
995981.166398
996289.818841
996716.873871
997027.746709
997663.400072
998088.350955
998409.077384
998712.325571
998922.144066
999231.450200
999651.897661
