1 1 0 0.100819 0.28 0 -76.4247 0.0178679 0.0236397 0.23138 -76.4247 0.0178679 0.0236397 0.23138 0.973569 0 0.688625 0 0.957563 0 0.980774 0 
1 1 0 0.101634 0.28 0 -76.3848 0.0179452 0.0239262 0.230386 -76.3848 0.0179452 0.0239262 0.230386 0.973569 0 0.688339 0 0.957994 0 0.98068 0 
1 1 0 0.103247 0.28 0 -76.3048 0.0181009 0.0245012 0.228407 -76.3048 0.0181009 0.0245012 0.228407 0.973569 0 0.687766 0 0.958871 0 0.980477 0 
1 1 0 0.106412 0.28 0 -76.1449 0.0184162 0.0256597 0.224486 -76.1449 0.0184162 0.0256597 0.224486 0.973569 0 0.686621 0 0.960691 0 0.980001 0 
1 1 0 0.112509 0.28 0 -75.8251 0.0190631 0.0280119 0.216786 -75.8251 0.0190631 0.0280119 0.216786 0.973569 0 0.684329 0 0.964763 0 0.978604 0 
1 1 0 0.121125 0.28 1510.13 -75.3453 0.0200754 0.0316372 0.205599 -75.3453 0.0200754 0.0316372 0.205599 0.973569 0 0.680879 0 0.97368 0.00405119 0.97368 -0.00405119 
1 1 0 0.129504 0.28 688.143 -74.8455 0.0211859 0.0355546 0.194406 -74.8455 0.0211859 0.0355546 0.194406 0.973569 0 0.677253 0 0.975751 0.00890948 0.975751 -0.00890948 
1 1 0 0.137372 0.28 521.089 -74.3457 0.0223566 0.0396394 0.183681 -74.3457 0.0223566 0.0396394 0.183681 0.973569 0 0.673575 0 0.977823 0.011791 0.977823 -0.011791 
1 1 0 0.14483 0.28 439.659 -73.8459 0.0235903 0.0439206 0.17342 -73.8459 0.0235903 0.0439206 0.17342 0.973569 0 0.669821 0 0.979904 0.0140048 0.979904 -0.0140048 
1 1 0 0.151987 0.28 389.104 -73.346 0.0248905 0.0484348 0.163617 -73.346 0.0248905 0.0484348 0.163617 0.973569 0 0.665964 0 0.982004 0.0158586 0.982004 -0.0158586 
1 1 0 0.158959 0.28 353.556 -72.8462 0.0262604 0.0532281 0.154265 -72.8462 0.0262604 0.0532281 0.154265 0.973569 0 0.661971 0 0.984134 0.0174913 0.984134 -0.0174913 
1 1 0 0.165882 0.28 326.483 -72.3463 0.0277036 0.0583606 0.145355 -72.3463 0.0277036 0.0583606 0.145355 0.973569 0 0.657802 0 0.986309 0.0189839 0.986309 -0.0189839 
1 1 0 0.172926 0.28 304.618 -71.8465 0.0292237 0.063915 0.136875 -71.8465 0.0292237 0.063915 0.136875 0.973569 0 0.653401 0 0.988547 0.0203931 0.988547 -0.0203931 
1 1 0 0.180303 0.28 286.114 -71.3467 0.0308246 0.0700036 0.128816 -71.3467 0.0308246 0.0700036 0.128816 0.973569 0 0.648695 0 0.990871 0.0217635 0.990871 -0.0217635 
1 1 0 0.188311 0.28 269.808 -70.8468 0.0325102 0.0767932 0.121165 -70.8468 0.0325102 0.0767932 0.121165 0.973569 0 0.643577 0 0.993316 0.0231361 0.993316 -0.0231361 
1 1 0 0.197402 0.28 254.9 -70.347 0.0342846 0.0845433 0.113909 -70.347 0.0342846 0.0845433 0.113909 0.973569 0 0.637883 0 0.995934 0.0245544 0.995934 -0.0245544 
1 1 0 0.208338 0.28 240.763 -69.8473 0.036152 0.093696 0.107036 -69.8473 0.036152 0.093696 0.107036 0.973569 0 0.631337 0 0.998809 0.0260718 0.998809 -0.0260718 
1 1 0 0.211772 0.28 237.002 -69.7123 0.036673 0.0965042 0.105243 -69.7123 0.036673 0.0965042 0.105243 0.973569 0 0.629363 0 0.999647 0.026508 0.999647 -0.026508
2 1 0 0.211772 0.28 237.002 -69.7123 0.036673 0.0965042 0.105243 -69.7123 0.036673 0.0965042 0.105243 0.973569 0 0.629363 0 0.999647 0.026508 0.999647 -0.026508 
2 1 0 0.227414 0.28 222.978 -69.2127 0.0386646 0.108804 0.0988367 -69.2127 0.0386646 0.108804 0.0988367 0.973569 0 0.620891 0 1.0031 0.0282735 1.0031 -0.0282735 
2 1 0 0.252287 0.28 208.018 -68.7137 0.0407573 0.126705 0.0927862 -68.7137 0.0407573 0.126705 0.0927862 0.973569 0 0.608999 0 1.00758 0.0304431 1.00758 -0.0304431 
2 1 0 0.334549 0.28 188.335 -68.2231 0.0429206 0.176206 0.0871634 -68.2231 0.0429206 0.176206 0.0871634 0.973569 0 0.578286 0 1.01743 0.0339556 1.01743 -0.0339556 
2 1 0 0.389635 0.28 187.501 -68.2238 0.0429173 0.205205 0.0871714 -68.2238 0.0429173 0.205205 0.0871714 0.973569 0 0.561575 0 1.02203 0.0342613 1.02203 -0.0342613 
2 1 0 0.433025 0.28 191.721 -68.263 0.0427404 0.227192 0.0876095 -68.263 0.0427404 0.227192 0.0876095 0.973569 0 0.549496 0 1.02516 0.0336093 1.02516 -0.0336093 
2 1 0 0.482146 0.28 202.516 -68.3042 0.0425552 0.251956 0.088072 -68.3042 0.0425552 0.251956 0.088072 0.973569 0 0.536487 0 1.02844 0.0319183 1.02844 -0.0319183 
2 1 0 0.573088 0.28 257.901 -68.2953 0.0425955 0.299741 0.087971 -68.2953 0.0425955 0.299741 0.087971 0.973569 0 0.513133 0 1.03435 0.0252046 1.03435 -0.0252046 
2 1 0 0.623281 0.28 373.246 -68.21 0.0429798 0.328697 0.0870176 -68.21 0.0429798 0.328697 0.0870176 0.973569 0 0.500066 0 1.03781 0.0174721 1.03781 -0.0174721 
2 1 0 0.654946 0.28 1031.34 -68.1139 0.0434167 0.348623 0.0859547 -68.1139 0.0434167 0.348623 0.0859547 0.973569 0 0.491531 0 1.04019 0.00633718 1.04019 -0.00633718 
2 1 0 0.68063 0.28 1031.34 -68.0048 0.0439178 0.366137 0.0847624 -68.0048 0.0439178 0.366137 0.0847624 0.973569 0 0.484326 0 1.05699 0 1.02757 0 
2 1 0 0.702679 0.28 1031.34 -67.8831 0.0444834 0.382472 0.0834497 -67.8831 0.0444834 0.382472 0.0834497 0.973569 0 0.477849 0 1.06602 0 1.02246 0 
2 1 0 0.728344 0.28 1031.34 -67.6989 0.0453526 0.403556 0.0814985 -67.6989 0.0453526 0.403556 0.0814985 0.973569 0 0.469823 0 1.07563 0 1.01795 0 
2 1 0 0.756614 0.28 1031.34 -67.4209 0.0466951 0.43061 0.0786321 -67.4209 0.0466951 0.43061 0.0786321 0.973569 0 0.460051 0 1.08653 0 1.01365 0 
2 1 0 0.785322 0.28 1031.34 -67.0022 0.0487886 0.465322 0.0744889 -67.0022 0.0487886 0.465322 0.0744889 0.973569 0 0.448325 0 1.09933 0 1.00943 0 
2 1 0 0.806504 0.28 1031.34 -66.5039 0.0513959 0.501266 0.0698206 -66.5039 0.0513959 0.501266 0.0698206 0.973569 0 0.437072 0 1.11174 0 1.006 0 
2 1 0 0.818715 0.28 1031.34 -66.0052 0.0541376 0.533706 0.0654196 -66.0052 0.0541376 0.533706 0.0654196 0.973569 0 0.427626 0 1.12244 0 1.00345 0 
2 1 0 0.824725 0.28 1031.34 -65.5061 0.0570183 0.563795 0.0612756 -65.5061 0.0570183 0.563795 0.0612756 0.973569 0 0.419417 0 1.13201 0 1.00145 0 
2 1 0 0.826204 0.28 1031.34 -65.0688 0.0596606 0.588743 0.057847 -65.0688 0.0596606 0.588743 0.057847 0.973569 0 0.412984 0 1.13971 0 1 0 
2 1 0 0.824565 0.28 1031.34 -64.5696 0.0628169 0.615976 0.0541535 -64.5696 0.0628169 0.615976 0.0541535 0.973569 0 0.40632 0 1.14789 0 0.998597 0 
2 1 0 0.820132 0.28 1031.34 -64.0703 0.0661288 0.642156 0.0506828 -64.0703 0.0661288 0.642156 0.0506828 0.973569 0 0.400245 0 1.15552 0 0.9974 0 
2 1 0 0.813493 0.28 1031.34 -63.571 0.0696025 0.667481 0.0474233 -63.571 0.0696025 0.667481 0.0474233 0.973569 0 0.394657 0 1.1627 0 0.996364 0 
2 1 0 0.805096 0.28 1031.34 -63.0717 0.0732443 0.6921 0.0443635 -63.0717 0.0732443 0.6921 0.0443635 0.973569 0 0.389481 0 1.16947 0 0.995457 0 
2 1 0 0.795295 0.28 1031.34 -62.5724 0.077061 0.716124 0.0414926 -62.5724 0.077061 0.716124 0.0414926 0.973569 0 0.384661 0 1.17588 0 0.994654 0 
2 1 0 0.784373 0.28 1031.34 -62.0731 0.0810592 0.739639 0.0387999 -62.0731 0.0810592 0.739639 0.0387999 0.973569 0 0.380152 0 1.18195 0 0.99394 0 
2 1 0 0.772563 0.28 1031.34 -61.5738 0.0852456 0.762714 0.0362754 -61.5738 0.0852456 0.762714 0.0362754 0.973569 0 0.375918 0 1.1877 0 0.993298 0 
2 1 0 0.760057 0.28 1031.34 -61.0745 0.0896272 0.785405 0.0339093 -61.0745 0.0896272 0.785405 0.0339093 0.973569 0 0.371932 0 1.19315 0 0.99272 0 
2 1 0 0.747015 0.28 1031.34 -60.5752 0.0942108 0.807758 0.0316924 -60.5752 0.0942108 0.807758 0.0316924 0.973569 0 0.36817 0 1.1983 0 0.992196 0 
2 1 0 0.733573 0.28 1031.34 -60.0759 0.0990033 0.82981 0.0296161 -60.0759 0.0990033 0.82981 0.0296161 0.973569 0 0.364612 0 1.20317 0 0.991718 0 
2 1 0 0.719845 0.28 1031.34 -59.5766 0.104012 0.851593 0.0276718 -59.5766 0.104012 0.851593 0.0276718 0.973569 0 0.361243 0 1.20777 0 0.991282 0 
2 1 0 0.70593 0.28 1031.34 -59.0773 0.109243 0.873135 0.0258518 -59.0773 0.109243 0.873135 0.0258518 0.973569 0 0.358048 0 1.21209 0 0.990882 0 
2 1 0 0.691911 0.28 1031.34 -58.578 0.114703 0.894459 0.0241486 -58.578 0.114703 0.894459 0.0241486 0.973569 0 0.355017 0 1.21613 0 0.990514 0 
2 1 0 0.67786 0.28 1031.34 -58.0786 0.1204 0.915584 0.0225549 -58.0786 0.1204 0.915584 0.0225549 0.973569 0 0.352139 0 1.2199 0 0.990175 0 
2 1 0 0.663838 0.28 1031.34 -57.5793 0.126339 0.93653 0.0210641 -57.5793 0.126339 0.93653 0.0210641 0.973569 0 0.349406 0 1.22339 0 0.989861 0 
2 1 0 0.6499 0.28 1031.34 -57.08 0.132527 0.957309 0.0196698 -57.08 0.132527 0.957309 0.0196698 0.973569 0 0.346811 0 1.22661 0 0.98957 0 
2 1 0 0.636089 0.28 1031.34 -56.5806 0.13897 0.977937 0.0183661 -56.5806 0.13897 0.977937 0.0183661 0.973569 0 0.344347 0 1.22954 0 0.9893 0 
2 1 0 0.622446 0.28 1031.34 -56.0813 0.145674 0.998425 0.0171473 -56.0813 0.145674 0.998425 0.0171473 0.973569 0 0.342009 0 1.23219 0 0.989048 0 
2 1 0 0.609004 0.28 1031.34 -55.5819 0.152644 1.01878 0.016008 -55.5819 0.152644 1.01878 0.016008 0.973569 0 0.339792 0 1.23456 0 0.988814 0 
2 1 0 0.59579 0.28 1031.34 -55.0826 0.159885 1.03902 0.0149432 -55.0826 0.159885 1.03902 0.0149432 0.973569 0 0.337692 0 1.23663 0 0.988595 0 
2 1 0 0.58283 0.28 1031.34 -54.5832 0.167402 1.05915 0.0139483 -54.5832 0.167402 1.05915 0.0139483 0.973569 0 0.335705 0 1.23841 0 0.98839 0 
2 1 0 0.570144 0.28 1031.34 -54.0838 0.175199 1.07918 0.0130187 -54.0838 0.175199 1.07918 0.0130187 0.973569 0 0.333829 0 1.23989 0 0.988199 0 
2 1 0 0.557748 0.28 1031.34 -53.5844 0.183279 1.0991 0.0121503 -53.5844 0.183279 1.0991 0.0121503 0.973569 0 0.33206 0 1.24106 0 0.988019 0 
2 1 0 0.545657 0.28 1031.34 -53.0851 0.191645 1.11894 0.0113391 -53.0851 0.191645 1.11894 0.0113391 0.973569 0 0.330397 0 1.24192 0 0.987851 0 
2 1 0 0.533883 0.28 1031.34 -52.5857 0.2003 1.13869 0.0105815 -52.5857 0.2003 1.13869 0.0105815 0.973569 0 0.328836 0 1.24247 0 0.987693 0 
2 1 0 0.522434 0.28 1031.34 -52.0863 0.209244 1.15836 0.00987404 -52.0863 0.209244 1.15836 0.00987404 0.973569 0 0.327377 0 1.24271 0 0.987544 0 
2 1 0 0.511318 0.28 1031.34 -51.5869 0.218479 1.17796 0.0092134 -51.5869 0.218479 1.17796 0.0092134 0.973569 0 0.326017 0 1.24262 0 0.987404 0 
2 1 0 0.50054 0.28 1031.34 -51.0874 0.228004 1.19749 0.00859657 -51.0874 0.228004 1.19749 0.00859657 0.973569 0 0.324755 0 1.2422 0 0.987273 0 
2 1 0 0.490105 0.28 1031.34 -50.588 0.237817 1.21695 0.0080207 -50.588 0.237817 1.21695 0.0080207 0.973569 0 0.323591 0 1.24146 0 0.987149 0 
2 1 0 0.480014 0.28 1031.34 -50.0886 0.247918 1.23635 0.00748312 -50.0886 0.247918 1.23635 0.00748312 0.973569 0 0.322522 0 1.24038 0 0.987033 0 
2 1 0 0.470269 0.28 1031.34 -49.5892 0.258302 1.25568 0.0069813 -49.5892 0.258302 1.25568 0.0069813 0.973569 0 0.321547 0 1.23897 0 0.986923 0 
2 1 0 0.46087 0.28 1031.34 -49.0898 0.268966 1.27497 0.00651292 -49.0898 0.268966 1.27497 0.00651292 0.973569 0 0.320666 0 1.23722 0 0.98682 0 
2 1 0 0.451817 0.28 1031.34 -48.5903 0.279904 1.29419 0.00607576 -48.5903 0.279904 1.29419 0.00607576 0.973569 0 0.319878 0 1.23514 0 0.986723 0 
2 1 0 0.443107 0.28 1031.34 -48.0909 0.29111 1.31337 0.00566778 -48.0909 0.29111 1.31337 0.00566778 0.973569 0 0.319181 0 1.23271 0 0.986632 0 
2 1 0 0.434739 0.28 1031.34 -47.5915 0.302576 1.3325 0.00528705 -47.5915 0.302576 1.3325 0.00528705 0.973569 0 0.318575 0 1.22995 0 0.986547 0 
2 1 0 0.426709 0.28 1031.34 -47.092 0.314293 1.35159 0.00493176 -47.092 0.314293 1.35159 0.00493176 0.973569 0 0.318059 0 1.22685 0 0.986466 0 
2 1 0 0.419014 0.28 1031.34 -46.5926 0.326252 1.37063 0.00460024 -46.5926 0.326252 1.37063 0.00460024 0.973569 0 0.317632 0 1.22342 0 0.986391 0 
2 1 0 0.41165 0.28 1031.34 -46.0932 0.338441 1.38962 0.00429091 -46.0932 0.338441 1.38962 0.00429091 0.973569 0 0.317292 0 1.21965 0 0.986321 0 
2 1 0 0.404613 0.28 1031.34 -45.5937 0.350849 1.40858 0.00400229 -45.5937 0.350849 1.40858 0.00400229 0.973569 0 0.317039 0 1.21555 0 0.986255 0 
2 1 0 0.397897 0.28 1031.34 -45.0943 0.363461 1.4275 0.00373301 -45.0943 0.363461 1.4275 0.00373301 0.973569 0 0.316872 0 1.21113 0 0.986195 0 
2 1 0 0.391499 0.28 1031.34 -44.5949 0.376265 1.44639 0.00348179 -44.5949 0.376265 1.44639 0.00348179 0.973569 0 0.316789 0 1.20638 0 0.986138 0 
2 1 0 0.385412 0.28 1031.34 -44.0954 0.389243 1.46524 0.00324742 -44.0954 0.389243 1.46524 0.00324742 0.973569 0 0.31679 0 1.20133 0 0.986087 0 
2 1 0 0.379632 0.28 1031.34 -43.596 0.40238 1.48405 0.00302877 -43.596 0.40238 1.48405 0.00302877 0.973569 0 0.316872 0 1.19597 0 0.986039 0 
2 1 0 0.374152 0.28 1031.34 -43.0965 0.415659 1.50284 0.00282481 -43.0965 0.415659 1.50284 0.00282481 0.973569 0 0.317034 0 1.19031 0 0.985997 0 
2 1 0 0.368968 0.28 1031.34 -42.5971 0.429062 1.52159 0.00263454 -42.5971 0.429062 1.52159 0.00263454 0.973569 0 0.317274 0 1.18436 0 0.985959 0 
2 1 0 0.364072 0.28 1031.34 -42.0976 0.442569 1.54032 0.00245706 -42.0976 0.442569 1.54032 0.00245706 0.973569 0 0.317591 0 1.17814 0 0.985925 0 
2 1 0 0.35946 0.28 1031.34 -41.5982 0.456162 1.55902 0.00229151 -41.5982 0.456162 1.55902 0.00229151 0.973569 0 0.317982 0 1.17164 0 0.985897 0 
2 1 0 0.355126 0.28 1031.34 -41.0988 0.469821 1.57769 0.00213708 -41.0988 0.469821 1.57769 0.00213708 0.973569 0 0.318446 0 1.16489 0 0.985873 0 
2 1 0 0.351064 0.28 1031.34 -40.5993 0.483525 1.59633 0.00199305 -40.5993 0.483525 1.59633 0.00199305 0.973569 0 0.31898 0 1.1579 0 0.985855 0 
2 1 0 0.347267 0.28 1031.34 -40.0999 0.497254 1.61495 0.0018587 -40.0999 0.497254 1.61495 0.0018587 0.973569 0 0.319581 0 1.15067 0 0.985843 0 
2 1 0 0.343731 0.28 1031.34 -39.6004 0.510987 1.63355 0.00173339 -39.6004 0.510987 1.63355 0.00173339 0.973569 0 0.320247 0 1.14322 0 0.985837 0 
2 1 0 0.340449 0.28 1031.34 -39.101 0.524704 1.65212 0.00161651 -39.101 0.524704 1.65212 0.00161651 0.973569 0 0.320976 0 1.13558 0 0.985838 0 
2 1 0 0.337415 0.28 1031.34 -38.6015 0.538383 1.67067 0.0015075 -38.6015 0.538383 1.67067 0.0015075 0.973569 0 0.321763 0 1.12774 0 0.985846 0 
2 1 0 0.334625 0.28 1031.34 -38.102 0.552005 1.6892 0.00140584 -38.102 0.552005 1.6892 0.00140584 0.973569 0 0.322607 0 1.11972 0 0.985864 0 
2 1 0 0.332072 0.28 1031.34 -37.6026 0.56555 1.70771 0.00131102 -37.6026 0.56555 1.70771 0.00131102 0.973569 0 0.323503 0 1.11154 0 0.985891 0 
2 1 0 0.329751 0.28 1031.34 -37.1031 0.578998 1.7262 0.00122258 -37.1031 0.578998 1.7262 0.00122258 0.973569 0 0.324449 0 1.10322 0 0.985931 0 
2 1 0 0.327657 0.28 1031.34 -36.6036 0.592329 1.74467 0.00114011 -36.6036 0.592329 1.74467 0.00114011 0.973569 0 0.32544 0 1.09476 0 0.985985 0 
2 1 0 0.325785 0.28 1031.34 -36.1041 0.605526 1.76312 0.00106319 -36.1041 0.605526 1.76312 0.00106319 0.973569 0 0.326473 0 1.08617 0 0.986058 0 
2 1 0 0.324129 0.28 1031.34 -35.6046 0.618571 1.78155 0.000991451 -35.6046 0.618571 1.78155 0.000991451 0.973569 0 0.327544 0 1.07748 0 0.986153 0 
2 1 0 0.322685 0.28 1031.34 -35.1052 0.631448 1.79997 0.00092455 -35.1052 0.631448 1.79997 0.00092455 0.973569 0 0.328649 0 1.06869 0 0.986277 0 
2 1 0 0.321447 0.28 1031.34 -34.6057 0.64414 1.81837 0.000862159 -34.6057 0.64414 1.81837 0.000862159 0.973569 0 0.329784 0 1.0598 0 0.986442 0 
2 1 0 0.320411 0.28 1031.34 -34.1062 0.656633 1.83675 0.000803974 -34.1062 0.656633 1.83675 0.000803974 0.973569 0 0.330944 0 1.05081 0 0.986664 0 
2 1 0 0.319572 0.28 1031.34 -33.6066 0.668912 1.85512 0.000749713 -33.6066 0.668912 1.85512 0.000749713 0.973569 0 0.332126 0 1.04172 0 0.98697 0 
2 1 0 0.318927 0.28 1031.34 -33.1071 0.680966 1.87348 0.00069911 -33.1071 0.680966 1.87348 0.00069911 0.973569 0 0.333324 0 1.03247 0 0.987411 0 
2 1 0 0.318469 0.28 1031.34 -32.6076 0.692783 1.89181 0.00065192 -32.6076 0.692783 1.89181 0.00065192 0.973569 0 0.334534 0 1.02299 0 0.988101 0 
2 1 0 0.318197 0.28 1031.34 -32.1081 0.704353 1.91014 0.000607913 -32.1081 0.704353 1.91014 0.000607913 0.973569 0 0.335751 0 1.01296 0 0.989348 0 
2 1 0 0.318104 0.28 1031.34 -31.6085 0.715665 1.92845 0.000566875 -31.6085 0.715665 1.92845 0.000566875 0.973569 0 0.336971 0 1.00039 0 0.993178 0 
1 1 0 0.318104 0.28 1031.34 -31.5987 0.715886 1.92881 0.000566092 -31.5987 0.715886 1.92881 0.000566092 0.973569 0 0.336996 0 0.999996 0 0.993398 0 
1 1 0 0.318192 0.28 712.22 -31.0991 0.726929 1.94711 0.000527874 -31.0991 0.726929 1.94711 0.000527874 0.973569 0 0.338214 0 0.992347 0.00875469 0.992347 -0.00875469 
1 1 0 0.318452 0.28 551.87 -30.5996 0.7377 1.9654 0.000492236 -30.5996 0.7377 1.9654 0.000492236 0.973569 0 0.339426 0 0.988026 0.0112494 0.988026 -0.0112494 
1 1 0 0.318882 0.28 523.237 -30.1 0.748193 1.98367 0.000459001 -30.1 0.748193 1.98367 0.000459001 0.973569 0 0.340626 0 0.98374 0.0118136 0.98374 -0.0118136 
1 1 0 0.319477 0.28 569.966 -29.6004 0.758404 2.00193 0.000428009 -29.6004 0.758404 2.00193 0.000428009 0.973569 0 0.34181 0 0.979494 0.0107982 0.979494 -0.0107982 
1 1 0 0.320234 0.28 799.403 -29.1009 0.76833 2.02018 0.000399109 -29.1009 0.76833 2.02018 0.000399109 0.973569 0 0.342974 0 0.975294 0.00766582 0.975294 -0.00766582 
1 1 0 0.321151 0.28 799.403 -28.6013 0.777967 2.03842 0.000372159 -28.6013 0.777967 2.03842 0.000372159 0.973569 0 0.344112 0 0.965426 0 0.976862 0 
1 1 0 0.322223 0.28 799.403 -28.1017 0.787314 2.05664 0.000347028 -28.1017 0.787314 2.05664 0.000347028 0.973569 0 0.34522 0 0.954544 0 0.979554 0 
1 1 0 0.323449 0.28 799.403 -27.6021 0.796371 2.07486 0.000323593 -27.6021 0.796371 2.07486 0.000323593 0.973569 0 0.346293 0 0.945384 0 0.980643 0 
1 1 0 0.324826 0.28 799.403 -27.1026 0.805138 2.09307 0.00030174 -27.1026 0.805138 2.09307 0.00030174 0.973569 0 0.347327 0 0.936809 0 0.981274 0 
1 1 0 0.32635 0.28 799.403 -26.603 0.813615 2.11126 0.000281362 -26.603 0.813615 2.11126 0.000281362 0.973569 0 0.348318 0 0.92858 0 0.981692 0 
1 1 0 0.32802 0.28 799.403 -26.1034 0.821806 2.12945 0.00026236 -26.1034 0.821806 2.12945 0.00026236 0.973569 0 0.349261 0 0.920612 0 0.981989 0 
1 1 0 0.329833 0.28 799.403 -25.6038 0.829712 2.14762 0.000244641 -25.6038 0.829712 2.14762 0.000244641 0.973569 0 0.350152 0 0.912867 0 0.982211 0 
1 1 0 0.331787 0.28 799.403 -25.1041 0.837337 2.16579 0.000228118 -25.1041 0.837337 2.16579 0.000228118 0.973569 0 0.350987 0 0.905323 0 0.982383 0 
1 1 0 0.333879 0.28 799.403 -24.6045 0.844684 2.18395 0.000212711 -24.6045 0.844684 2.18395 0.000212711 0.973569 0 0.351762 0 0.897972 0 0.982518 0 
1 1 0 0.336109 0.28 799.403 -24.1049 0.851758 2.2021 0.000198344 -24.1049 0.851758 2.2021 0.000198344 0.973569 0 0.352473 0 0.890807 0 0.982627 0 
1 1 0 0.338473 0.28 799.403 -23.6053 0.858564 2.22024 0.000184947 -23.6053 0.858564 2.22024 0.000184947 0.973569 0 0.353117 0 0.883827 0 0.982717 0 
1 1 0 0.340971 0.28 799.403 -23.1057 0.865107 2.23837 0.000172454 -23.1057 0.865107 2.23837 0.000172454 0.973569 0 0.35369 0 0.877029 0 0.982791 0 
1 1 0 0.3436 0.28 799.403 -22.6061 0.871393 2.25649 0.000160806 -22.6061 0.871393 2.25649 0.000160806 0.973569 0 0.35419 0 0.870414 0 0.982854 0 
1 1 0 0.34636 0.28 799.403 -22.1064 0.877428 2.27461 0.000149944 -22.1064 0.877428 2.27461 0.000149944 0.973569 0 0.86398 0 0.354612 0 0.982906 0 
1 1 0 0.349249 0.28 799.403 -21.6068 0.883217 2.29271 0.000139815 -21.6068 0.883217 2.29271 0.000139815 0.973569 0 0.857728 0 0.354954 0 0.982951 0 
1 1 0 0.352266 0.28 799.403 -21.1072 0.888767 2.31081 0.000130371 -21.1072 0.888767 2.31081 0.000130371 0.973569 0 0.851657 0 0.355214 0 0.98299 0 
1 1 0 0.355409 0.28 799.403 -20.6075 0.894086 2.32891 0.000121564 -20.6075 0.894086 2.32891 0.000121564 0.973569 0 0.845767 0 0.355389 0 0.983023 0 
1 1 0 0.358679 0.28 799.403 -20.1079 0.899179 2.34699 0.000113352 -20.1079 0.899179 2.34699 0.000113352 0.973569 0 0.840057 0 0.355476 0 0.983051 0 
1 1 0 0.362073 0.28 799.403 -19.6083 0.904053 2.36507 0.000105695 -19.6083 0.904053 2.36507 0.000105695 0.973569 0 0.834528 0 0.355474 0 0.983076 0 
1 1 0 0.365592 0.28 799.403 -19.1086 0.908716 2.38314 9.85553e-05 -19.1086 0.908716 2.38314 9.85553e-05 0.973569 0 0.829176 0 0.355381 0 0.983098 0 
1 1 0 0.369234 0.28 799.403 -18.609 0.913173 2.40121 9.18976e-05 -18.609 0.913173 2.40121 9.18976e-05 0.973569 0 0.824002 0 0.355195 0 0.983116 0 
1 1 0 0.373 0.28 799.403 -18.1093 0.917433 2.41926 8.56896e-05 -18.1093 0.917433 2.41926 8.56896e-05 0.973569 0 0.819004 0 0.354915 0 0.983133 0 
1 1 0 0.376889 0.28 799.403 -17.6097 0.921502 2.43731 7.99009e-05 -17.6097 0.921502 2.43731 7.99009e-05 0.973569 0 0.81418 0 0.35454 0 0.983147 0 
1 1 0 0.3809 0.28 799.403 -17.11 0.925387 2.45536 7.45032e-05 -17.11 0.925387 2.45536 7.45032e-05 0.973569 0 0.809528 0 0.354069 0 0.98316 0 
1 1 0 0.385034 0.28 799.403 -16.6104 0.929094 2.4734 6.94702e-05 -16.6104 0.929094 2.4734 6.94702e-05 0.973569 0 0.805045 0 0.353501 0 0.983171 0 
1 1 0 0.389291 0.28 799.403 -16.1108 0.93263 2.49143 6.47771e-05 -16.1108 0.93263 2.49143 6.47771e-05 0.973569 0 0.800729 0 0.352836 0 0.98318 0 
1 1 0 0.39367 0.28 799.403 -15.6111 0.936003 2.50946 6.0401e-05 -15.6111 0.936003 2.50946 6.0401e-05 0.973569 0 0.796578 0 0.352073 0 0.983189 0 
1 1 0 0.398172 0.28 799.403 -15.1115 0.939217 2.52748 5.63206e-05 -15.1115 0.939217 2.52748 5.63206e-05 0.973569 0 0.792588 0 0.351212 0 0.983196 0 
1 1 0 0.402798 0.28 799.403 -14.6118 0.94228 2.54549 5.25158e-05 -14.6118 0.94228 2.54549 5.25158e-05 0.973569 0 0.788757 0 0.350255 0 0.983203 0 
1 1 0 0.407547 0.28 799.403 -14.1122 0.945198 2.5635 4.8968e-05 -14.1122 0.945198 2.5635 4.8968e-05 0.973569 0 0.785081 0 0.3492 0 0.983208 0 
1 1 0 0.412421 0.28 799.403 -13.6125 0.947976 2.58151 4.56599e-05 -13.6125 0.947976 2.58151 4.56599e-05 0.973569 0 0.781556 0 0.348048 0 0.983213 0 
1 1 0 0.417419 0.28 799.403 -13.1129 0.950621 2.59951 4.25752e-05 -13.1129 0.950621 2.59951 4.25752e-05 0.973569 0 0.778179 0 0.346801 0 0.983218 0 
1 1 0 0.422544 0.28 799.403 -12.6132 0.953138 2.6175 3.9699e-05 -12.6132 0.953138 2.6175 3.9699e-05 0.973569 0 0.774947 0 0.345459 0 0.983221 0 
1 1 0 0.427795 0.28 799.403 -12.1136 0.955532 2.63549 3.7017e-05 -12.1136 0.955532 2.63549 3.7017e-05 0.973569 0 0.771855 0 0.344023 0 0.983224 0 
1 1 0 0.433175 0.28 799.403 -11.614 0.95781 2.65347 3.45163e-05 -11.614 0.95781 2.65347 3.45163e-05 0.973569 0 0.7689 0 0.342494 0 0.983227 0 
1 1 0 0.438683 0.28 799.403 -11.1143 0.959976 2.67145 3.21845e-05 -11.1143 0.959976 2.67145 3.21845e-05 0.973569 0 0.766077 0 0.340873 0 0.983229 0 
1 1 0 0.444322 0.28 799.403 -10.6147 0.962035 2.68943 3.00102e-05 -10.6147 0.962035 2.68943 3.00102e-05 0.973569 0 0.763383 0 0.339163 0 0.983231 0 
1 1 0 0.450093 0.28 799.403 -10.115 0.963992 2.7074 2.79828e-05 -10.115 0.963992 2.7074 2.79828e-05 0.973569 0 0.760813 0 0.337364 0 0.983232 0 
1 1 0 0.455997 0.28 799.403 -9.6154 0.965852 2.72536 2.60923e-05 -9.6154 0.965852 2.72536 2.60923e-05 0.973569 0 0.758364 0 0.335477 0 0.983234 0 
1 1 0 0.462036 0.28 799.403 -9.11576 0.967619 2.74332 2.43296e-05 -9.11576 0.967619 2.74332 2.43296e-05 0.973569 0 0.756031 0 0.333506 0 0.983235 0 
1 1 0 0.468212 0.28 799.403 -8.61613 0.969297 2.76128 2.2686e-05 -8.61613 0.969297 2.76128 2.2686e-05 0.973569 0 0.753811 0 0.33145 0 0.983235 0 
1 1 0 0.474527 0.28 799.403 -8.11649 0.970892 2.77923 2.11534e-05 -8.11649 0.970892 2.77923 2.11534e-05 0.973569 0 0.751698 0 0.329313 0 0.983236 0 
1 1 0 0.480983 0.28 799.403 -7.61686 0.972405 2.79718 1.97243e-05 -7.61686 0.972405 2.79718 1.97243e-05 0.973569 0 0.74969 0 0.327095 0 0.983236 0 
1 1 0 0.487582 0.28 799.403 -7.11723 0.973842 2.81512 1.83918e-05 -7.11723 0.973842 2.81512 1.83918e-05 0.973569 0 0.747782 0 0.324799 0 0.983236 0 
1 1 0 0.494327 0.28 799.403 -6.6176 0.975206 2.83306 1.71493e-05 -6.6176 0.975206 2.83306 1.71493e-05 0.973569 0 0.745969 0 0.322427 0 0.983236 0 
1 1 0 0.50122 0.28 799.403 -6.11797 0.976501 2.85099 1.59907e-05 -6.11797 0.976501 2.85099 1.59907e-05 0.973569 0 0.744249 0 0.31998 0 0.983236 0 
1 1 0 0.508264 0.28 799.403 -5.61834 0.97773 2.86892 1.49105e-05 -5.61834 0.97773 2.86892 1.49105e-05 0.973569 0 0.742618 0 0.31746 0 0.983235 0 
1 1 0 0.515461 0.28 799.403 -5.11871 0.978896 2.88685 1.39032e-05 -5.11871 0.978896 2.88685 1.39032e-05 0.973569 0 0.741071 0 0.31487 0 0.983235 0 
1 1 0 0.522815 0.28 799.403 -4.61909 0.980002 2.90478 1.29639e-05 -4.61909 0.980002 2.90478 1.29639e-05 0.973569 0 0.739605 0 0.31221 0 0.983234 0 
1 1 0 0.530329 0.28 799.403 -4.11947 0.981051 2.9227 1.20881e-05 -4.11947 0.981051 2.9227 1.20881e-05 0.973569 0 0.738216 0 0.309483 0 0.983234 0 
1 1 0 0.538006 0.28 799.403 -3.61985 0.982046 2.94061 1.12715e-05 -3.61985 0.982046 2.94061 1.12715e-05 0.973569 0 0.736901 0 0.30669 0 0.983233 0 
1 1 0 0.545849 0.28 799.403 -3.12023 0.98299 2.95852 1.05101e-05 -3.12023 0.98299 2.95852 1.05101e-05 0.973569 0 0.735657 0 0.303834 0 0.983232 0 
1 1 0 0.553863 0.28 799.403 -2.62062 0.983885 2.97643 9.80005e-06 -2.62062 0.983885 2.97643 9.80005e-06 0.973569 0 0.734479 0 0.300916 0 0.983231 0 
1 1 0 0.562052 0.28 799.403 -2.12101 0.984733 2.99434 9.13801e-06 -2.12101 0.984733 2.99434 9.13801e-06 0.973569 0 0.733366 0 0.297937 0 0.98323 0 
1 1 0 0.570418 0.28 799.403 -1.6214 0.985538 3.01224 8.5207e-06 -1.6214 0.985538 3.01224 8.5207e-06 0.973569 0 0.732314 0 0.2949 0 0.983229 0 
1 1 0 0.578967 0.28 799.403 -1.12179 0.986301 3.03014 7.94509e-06 -1.12179 0.986301 3.03014 7.94509e-06 0.973569 0 0.73132 0 0.291805 0 0.983228 0 
1 1 0 0.587703 0.28 799.403 -0.622191 0.987024 3.04803 7.40837e-06 -0.622191 0.987024 3.04803 7.40837e-06 0.973569 0 0.73038 0 0.288655 0 0.983227 0 
1 1 0 0.596631 0.28 799.403 -0.122591 0.987709 3.06593 6.90791e-06 -0.122591 0.987709 3.06593 6.90791e-06 0.973569 0 0.729494 0 0.285451 0 0.983226 0 
1 1 0 0.605756 0.28 799.403 0.377005 0.988359 3.08381 6.44126e-06 0.377005 0.988359 3.08381 6.44126e-06 0.973569 0 0.728656 0 0.282194 0 0.983225 0 
1 1 0 0.615082 0.28 799.403 0.876597 0.988974 3.1017 6.00613e-06 0.876597 0.988974 3.1017 6.00613e-06 0.973569 0 0.727867 0 0.278887 0 0.983223 0 
1 1 0 0.624616 0.28 799.403 1.37619 0.989558 3.11958 5.6004e-06 1.37619 0.989558 3.11958 5.6004e-06 0.973569 0 0.727121 0 0.275529 0 0.983222 0 
1 1 0 0.634363 0.28 799.403 1.87577 0.99011 3.13746 5.22209e-06 1.87577 0.99011 3.13746 5.22209e-06 0.973569 0 0.726419 0 0.272123 0 0.983221 0 
1 1 0 0.644329 0.28 799.403 2.37535 0.990634 3.15534 4.86933e-06 2.37535 0.990634 3.15534 4.86933e-06 0.973569 0 0.725756 0 0.268669 0 0.98322 0 
1 1 0 0.65452 0.28 799.403 2.87493 0.991131 3.17321 4.5404e-06 2.87493 0.991131 3.17321 4.5404e-06 0.973569 0 0.725131 0 0.26517 0 0.983218 0 
1 1 0 0.664943 0.28 799.403 3.3745 0.991601 3.19108 4.2337e-06 3.3745 0.991601 3.19108 4.2337e-06 0.973569 0 0.724543 0 0.261626 0 0.983217 0 
1 1 0 0.675604 0.28 799.403 3.87407 0.992046 3.20895 3.94772e-06 3.87407 0.992046 3.20895 3.94772e-06 0.973569 0 0.723988 0 0.258039 0 0.983216 0 
1 1 0 0.686512 0.28 799.403 4.37363 0.992468 3.22681 3.68105e-06 4.37363 0.992468 3.22681 3.68105e-06 0.973569 0 0.723466 0 0.254409 0 0.983214 0 
1 1 0 0.697673 0.28 799.403 4.87318 0.992868 3.24467 3.43241e-06 4.87318 0.992868 3.24467 3.43241e-06 0.973569 0 0.722975 0 0.250738 0 0.983213 0 
1 1 0 0.709095 0.28 799.403 5.37273 0.993247 3.26253 3.20056e-06 5.37273 0.993247 3.26253 3.20056e-06 0.973569 0 0.722512 0 0.247027 0 0.983212 0 
1 1 0 0.720786 0.28 799.403 5.87228 0.993606 3.28039 2.98437e-06 5.87228 0.993606 3.28039 2.98437e-06 0.973569 0 0.722076 0 0.243277 0 0.98321 0 
1 1 0 0.732757 0.28 799.403 6.37182 0.993946 3.29824 2.78279e-06 6.37182 0.993946 3.29824 2.78279e-06 0.973569 0 0.721666 0 0.239488 0 0.983209 0 
1 1 0 0.745014 0.28 799.403 6.87135 0.994267 3.31609 2.59483e-06 6.87135 0.994267 3.31609 2.59483e-06 0.973569 0 0.72128 0 0.235663 0 0.983208 0 
1 1 0 0.757569 0.28 799.403 7.37087 0.994572 3.33394 2.41956e-06 7.37087 0.994572 3.33394 2.41956e-06 0.973569 0 0.720918 0 0.231802 0 0.983206 0 
1 1 0 0.77043 0.28 799.403 7.87039 0.994861 3.35179 2.25614e-06 7.87039 0.994861 3.35179 2.25614e-06 0.973569 0 0.720576 0 0.227907 0 0.983205 0 
1 1 0 0.78361 0.28 799.403 8.36989 0.995134 3.36963 2.10375e-06 8.36989 0.995134 3.36963 2.10375e-06 0.973569 0 0.720256 0 0.223977 0 0.983204 0 
1 1 0 0.797118 0.28 799.403 8.86939 0.995393 3.38747 1.96166e-06 8.86939 0.995393 3.38747 1.96166e-06 0.973569 0 0.719954 0 0.220015 0 0.983202 0 
1 1 0 0.810966 0.28 799.403 9.36888 0.995639 3.40531 1.82918e-06 9.36888 0.995639 3.40531 1.82918e-06 0.973569 0 0.719671 0 0.216021 0 0.983201 0 
1 1 0 0.825167 0.28 799.403 9.86836 0.995871 3.42314 1.70564e-06 9.86836 0.995871 3.42314 1.70564e-06 0.973569 0 0.719404 0 0.211997 0 0.983199 0 
1 1 0 0.839734 0.28 799.403 10.3678 0.996091 3.44098 1.59044e-06 10.3678 0.996091 3.44098 1.59044e-06 0.973569 0 0.719154 0 0.207943 0 0.983198 0 
1 1 0 0.85468 0.28 799.403 10.8673 0.996299 3.45881 1.48303e-06 10.8673 0.996299 3.45881 1.48303e-06 0.973569 0 0.718919 0 0.20386 0 0.983197 0 
1 1 0 0.870019 0.28 799.403 11.3667 0.996496 3.47663 1.38288e-06 11.3667 0.996496 3.47663 1.38288e-06 0.973569 0 0.718698 0 0.19975 0 0.983195 0 
1 1 0 0.885766 0.28 799.403 11.8662 0.996683 3.49446 1.28949e-06 11.8662 0.996683 3.49446 1.28949e-06 0.973569 0 0.718491 0 0.195615 0 0.983194 0 
1 1 0 0.901938 0.28 799.403 12.3656 0.996859 3.51228 1.20241e-06 12.3656 0.996859 3.51228 1.20241e-06 0.973569 0 0.718296 0 0.191454 0 0.983193 0 
1 1 0 0.918551 0.28 799.403 12.865 0.997027 3.5301 1.12121e-06 12.865 0.997027 3.5301 1.12121e-06 0.973569 0 0.718113 0 0.187269 0 0.983191 0 
1 1 0 0.935623 0.28 799.403 13.3644 0.997185 3.54792 1.0455e-06 13.3644 0.997185 3.54792 1.0455e-06 0.973569 0 0.717942 0 0.183063 0 0.98319 0 
1 1 0 0.953172 0.28 799.403 13.8638 0.997335 3.56573 9.74903e-07 13.8638 0.997335 3.56573 9.74903e-07 0.973569 0 0.717781 0 0.178835 0 0.983189 0 
1 1 0 0.971218 0.28 799.403 14.3631 0.997477 3.58354 9.09075e-07 14.3631 0.997477 3.58354 9.09075e-07 0.973569 0 0.71763 0 0.174587 0 0.983188 0 
1 1 0 0.989781 0.28 799.403 14.8625 0.997612 3.60135 8.47695e-07 14.8625 0.997612 3.60135 8.47695e-07 0.973569 0 0.717488 0 0.170322 0 0.983186 0 
1 1 0 1.00889 0.28 799.403 15.3618 0.997739 3.61916 7.90461e-07 15.3618 0.997739 3.61916 7.90461e-07 0.973569 0 0.717356 0 0.16604 0 0.983185 0 
4 -2 0 0.211772 0.211772 237.002 -69.7123 0.036673 0.0965042 0.105243 -69.7123 0.036673 0.0965042 0.105243 0.973569 0 0.717356 0 0.16604 0 0.983185 0 
4 -2 0 0.211777 0.211777 236.998 -69.6222 0.0370237 0.0969714 0.106085 -69.8017 0.0363277 0.0960521 0.104401 1 0 1.00003 0 9.10395e-08 0 0.00174943 0 
4 -2 0 0.211776 0.211776 237.009 -69.5088 0.0374705 0.0975626 0.107155 -69.9145 0.035898 0.0954861 0.103353 1.00009 0 1.00039 0 3.10241e-06 0 0.00174913 0 
4 -2 0 0.211771 0.211771 237.054 -69.2808 0.0383827 0.0987752 0.109317 -70.1389 0.0350572 0.0943829 0.101277 1 0 1.00068 0 1.4594e-08 0 0.00174682 0 
4 -2 0 0.211758 0.211758 237.183 -68.9353 0.0398018 0.100671 0.112615 -70.4728 0.0338352 0.0927989 0.098216 1 0 1.00218 0 8.19573e-08 0 0.00174082 0 
4 -2 0 0.211725 0.211725 237.512 -68.4119 0.0420573 0.103696 0.117718 -70.9711 0.0320981 0.0905789 0.0937525 1 0 1.00598 0 1.40665e-07 0 0.00172555 0 
4 -2 0 0.211656 0.211656 238.242 -67.6688 0.0454684 0.108278 0.125042 -71.6537 0.0298481 0.087788 0.0878215 1 0 1.0142 0 6.67558e-07 0 0.00169228 0 
4 -2 0 0.211563 0.211563 239.285 -66.907 0.0492151 0.11332 0.132754 -72.3283 0.0277802 0.0853216 0.0821546 1 0 1.02532 0 7.61346e-07 0 0.00164572 0 
4 -2 0 0.211452 0.211452 240.637 -66.131 0.0533691 0.118832 0.140768 -72.9968 0.0258621 0.0831419 0.0768037 1.00001 0 1.03863 0 4.56384e-07 0 0.00158718 0 
4 -2 0 0.211331 0.211331 242.294 -65.3288 0.0579842 0.124873 0.149095 -73.6645 0.0240946 0.0812618 0.0717501 1 0 1.0532 0 7.27139e-07 0 0.00151826 0 
4 -2 0 0.211209 0.211209 244.252 -64.5061 0.0630874 0.13148 0.157837 -74.328 0.0224366 0.0796468 0.0669697 1 0 1.06747 0 5.92285e-07 0 0.00144068 0 
4 -2 0 0.211091 0.211091 246.506 -63.6647 0.0687629 0.138664 0.166911 -74.989 0.0209049 0.0782908 0.0625143 1 0 1.07963 0 2.48132e-07 0 0.00135626 0 
4 -2 0 0.210986 0.210986 249.053 -62.7938 0.0751143 0.146454 0.176436 -75.639 0.0194759 0.0771439 0.0582857 1 0 1.08766 0 2.57987e-07 0 0.00126681 0 
4 -2 0 0.210898 0.210898 251.89 -61.9012 0.0821656 0.154968 0.186222 -76.31 0.0181493 0.0761997 0.0543622 1 0 1.08881 0 2.12645e-07 0 0.00117411 0 
4 -2 0 0.210832 0.210832 255.014 -60.9857 0.0900257 0.164223 0.196571 -76.9618 0.0169047 0.075435 0.0507012 1 0 1.08004 0 9.08815e-08 0 0.00107983 0 
4 -2 0 0.210789 0.210789 258.426 -60.0266 0.0989817 0.174289 0.207377 -77.6319 0.0157395 0.074837 0.0472736 1 0 1.05824 0 6.82452e-08 0 0.000985502 0 
4 -2 0 0.210769 0.210769 262.125 -59.0439 0.108947 0.185219 0.218329 -78.2823 0.0146635 0.0743822 0.0440683 1 0 1.02038 0 4.7808e-08 0 0.000892517 0 
3 -2 0 0.210767 0.210767 263.7 -58.6345 0.11333 0.189831 0.222821 -78.555 0.0142439 0.0743035 0.0428571 1 0 0.999978 0 2.47411e-10 0 0.000855599 0 
3 -2 0 0.210777 0.210777 267.821 -57.5993 0.125224 0.202254 0.234857 -79.2083 0.013287 0.0740449 0.0399904 1 0 0.935868 0 1.63018e-09 0 0.000766202 0 
3 -2 0 0.210804 0.210804 272.212 -56.5312 0.138422 0.215734 0.246925 -79.8634 0.0123719 0.0738919 0.0372761 1 0 0.85183 0 8.68116e-09 0 0.000681167 0 
3 -2 0 0.210843 0.210843 276.887 -55.4082 0.15359 0.230438 0.258988 -80.5041 0.0115479 0.0736592 0.0348011 1 0 0.750304 0 -1.07894e-09 0 0.000600981 0 
3 -2 0 0.210891 0.210891 281.841 -54.2525 0.170816 0.246541 0.271962 -81.1143 0.0108092 0.073549 0.0324554 1 0 0.635155 0 -7.55897e-09 0 0.000526297 0 
3 -2 0 0.210941 0.210941 287.062 -53.0376 0.190076 0.264174 0.284889 -81.739 0.0101073 0.073485 0.0302883 1 0 0.513038 0 -1.11826e-08 0 0.000457598 0 
3 -2 0 0.210992 0.210992 292.536 -51.781 0.212059 0.283522 0.297901 -82.32 0.00949162 0.073472 0.0282751 1 0 0.392333 0 -1.24233e-08 0 0.000395194 0 
3 -2 0 0.211039 0.211039 298.237 -50.4618 0.237182 0.304784 0.310854 -82.8743 0.00894391 0.0734558 0.0264073 1 0 0.281706 0 -1.15839e-08 0 0.000339229 0 
3 -2 0 0.211082 0.211082 304.131 -49.0725 0.264993 0.328075 0.323586 -83.4067 0.00844085 0.0734632 0.0246802 1 0 0.188321 0 -9.32119e-09 0 0.000289686 0 
3 -2 0 0.211119 0.211119 310.173 -47.6524 0.296438 0.353469 0.336561 -83.8934 0.00800875 0.0734709 0.0230509 1 0 0.116157 0 -5.37125e-09 0 0.000246406 0 
3 -2 0 0.211151 0.211151 316.3 -46.1763 0.331546 0.381094 0.348841 -84.3268 0.00763542 0.0734972 0.0215616 1 0 0.0656404 0 0.000209115 0 -2.7254e-09 0 
3 -2 0 0.21118 0.21118 322.431 -44.6055 0.369922 0.410824 0.360641 -84.7324 0.00732294 0.073542 0.0202008 1 0 0.0336939 0 0.000177433 0 -3.73904e-10 0 
3 -2 0 0.211205 0.211205 328.466 -43.0089 0.411154 0.442204 0.372623 -85.0783 0.00703443 0.0735774 0.0189846 0.999997 0 0.0153016 0 0.00015084 0 8.49625e-09 0 
3 -2 0 0.211229 0.211229 334.281 -41.3395 0.455425 0.475241 0.383278 -85.397 0.00681044 0.0736501 0.0178778 0.999995 0 0.00618011 0 0.000128887 0 2.09366e-08 0 
3 -2 0 0.211253 0.211253 339.729 -39.5991 0.501676 0.509076 0.393061 -85.6621 0.00661549 0.0737422 0.0169162 0.999993 0 0.00214924 0 0.000110927 0 5.19958e-08 0 
3 -2 0 0.211279 0.211279 344.642 -37.7853 0.549938 0.543059 0.399433 -85.8818 0.00646492 0.0737356 0.0161343 1 0 0.000940787 0 9.83002e-05 0 -2.31259e-07 0 
3 -2 0 0.211311 0.211311 348.826 -35.9638 0.598697 0.575484 0.407111 -86.0603 0.00634409 0.0736801 0.015515 1.00003 0 0.000690808 0 8.97887e-05 0 -1.30286e-06 0 
3 -2 0 0.211353 0.211353 352.08 -34.0814 0.645598 0.605315 0.413695 -86.2016 0.00624816 0.0736395 0.0150747 1.00006 0 0.000627038 0 8.37297e-05 0 -2.14857e-06 0 
3 -2 0 0.211412 0.211412 354.224 -32.1467 0.690024 0.631129 0.420675 -86.3182 0.00617184 0.073591 0.0148095 1.00012 0 0.000617018 0 -1.66592e-05 0 8.03002e-05 0 
3 -2 0 0.211503 0.211503 355.153 -30.2544 0.731894 0.652498 0.424566 -86.3995 0.00611624 0.073655 0.0147874 1.00007 0 0.000118001 0 -3.69048e-05 0 9.73885e-05 0 
3 -2 0 0.211643 0.211643 354.875 -28.4561 0.766208 0.669205 0.427338 -86.4586 0.00607548 0.0737739 0.0149659 0.999992 0 -0.000241621 0 2.65967e-05 0 6.66509e-05 0 
3 -2 0 0.211856 0.211856 353.504 -26.6791 0.797833 0.681931 0.429276 -86.4916 0.00603647 0.0740045 0.0153258 0.999901 0 -0.000829443 0 1.33696e-05 0 7.47264e-05 0 
3 -2 0 0.21218 0.21218 351.205 -25.0614 0.822106 0.692051 0.431457 -86.5224 0.00601666 0.0740184 0.0157788 0.999885 0 -0.000771701 0 6.63139e-06 0 8.09384e-05 0 
3 -2 0 0.212646 0.212646 348.175 -23.5369 0.841929 0.700389 0.433258 -86.5445 0.0060035 0.0741233 0.0163321 0.999898 0 -0.000596917 0 3.96939e-06 0 8.8355e-05 0 
3 -2 0 0.213285 0.213285 344.624 -22.2764 0.859544 0.707792 0.434098 -86.5548 0.00598569 0.0743658 0.0169757 0.999939 0 -0.000317386 0 3.99222e-06 0 9.74949e-05 0 
3 -2 0 0.214114 0.214114 340.763 -20.9851 0.872001 0.714817 0.435665 -86.5775 0.0059733 0.0747661 0.0176707 0.999959 0 -0.000195816 0 2.93798e-06 0 0.000108316 0 
3 -2 0 0.215138 0.215138 336.767 -19.9963 0.88274 0.721885 0.437047 -86.5966 0.00596479 0.0753351 0.0182931 0.999962 0 -0.000129068 0 2.30367e-06 0 0.000120678 0 
3 -2 0 0.216349 0.216349 332.791 -19.0827 0.892657 0.729489 0.4382 -86.6112 0.00600388 0.0757339 0.0189424 1.00001 0 0.000134541 0 3.4116e-06 0 3.25687e-05 0 
3 -2 0 0.217741 0.217741 328.912 -18.1513 0.899346 0.738107 0.439366 -86.6341 0.00602269 0.0762177 0.0195867 1.00002 0 0.000149375 0 2.86106e-06 0 6.49024e-05 0 
3 -2 0 0.219294 0.219294 325.211 -17.2686 0.90441 0.747356 0.440366 -86.6535 0.00602373 0.0768483 0.0202404 1.00001 0 0.00016483 0 2.57477e-06 0 5.23537e-05 0 
3 -2 0 0.220991 0.220991 321.733 -16.6064 0.910908 0.756794 0.438888 -86.5958 0.00587641 0.0778222 0.0207333 1.00001 0 0.000180927 0 5.63089e-06 0 5.86948e-05 0 
3 -2 0 0.222816 0.222816 318.497 -16.0871 0.915899 0.767179 0.441128 -86.5769 0.00584343 0.0784018 0.0212953 1.00002 0 0.000197304 0 5.18483e-06 0 6.8099e-05 0 
3 -2 0 0.224752 0.224752 315.521 -15.3316 0.9209 0.778558 0.443186 -86.6182 0.00581129 0.0790913 0.0217624 1.00002 0 0.000213634 0 4.94071e-06 0 6.34508e-05 0 
3 -2 0 0.226781 0.226781 312.809 -14.7 0.924579 0.789943 0.443586 -86.6178 0.00581594 0.0798805 0.0221959 1.00001 0 0.000229656 0 3.48378e-06 0 3.4979e-05 0 
3 -2 0 0.228888 0.228888 310.361 -14.2769 0.927295 0.802434 0.445709 -86.6509 0.00578228 0.0807323 0.0226433 1.00001 0 0.00024521 0 3.35652e-06 0 3.53324e-05 0 
3 -2 0 0.231057 0.231057 308.173 -13.7294 0.930191 0.815549 0.447661 -86.6977 0.00574916 0.0816546 0.0228827 1.00001 0 0.000260002 0 3.29341e-06 0 3.26105e-05 0 
3 -2 0 0.233276 0.233276 306.236 -13.2819 0.933654 0.828733 0.447753 -86.7787 0.00583443 0.0826059 0.023141 0.999998 0 0.000273794 0 9.6445e-07 0 -6.29705e-06 0 
3 -2 0 0.235534 0.235534 304.539 -12.6818 0.935564 0.842104 0.449854 -86.7826 0.0058021 0.0836257 0.0234265 0.999997 0 0.000286527 0 9.48963e-07 0 -7.79711e-06 0 
3 -2 0 0.237811 0.237811 303.078 -12.2197 0.938059 0.856747 0.451794 -86.7803 0.00577092 0.0844902 0.0237271 0.999998 0 0.000297966 0 8.45157e-07 0 -4.45259e-06 0 
3 -2 0 0.2401 0.2401 301.838 -11.8074 0.938556 0.872112 0.451848 -86.8329 0.00581857 0.0852844 0.0237026 0.999998 0 0.000308028 0 3.92512e-07 0 -3.7809e-06 0 
3 -2 0 0.24239 0.24239 300.808 -11.4342 0.941519 0.887247 0.453892 -86.8398 0.00578811 0.0861077 0.0237177 0.999993 0 0.000316639 0 4.22815e-07 0 -1.44169e-05 0 
3 -2 0 0.244669 0.244669 299.975 -11.1679 0.943893 0.902338 0.455791 -86.8417 0.00575866 0.08695 0.0237837 0.99999 0 0.000323774 0 4.29352e-07 0 -1.90075e-05 0 
3 -2 0 0.246934 0.246934 299.329 -10.9519 0.945443 0.918311 0.457325 -86.8489 0.00574742 0.0878059 0.0238644 1 0 0.000329449 0 3.44395e-07 0 5.4986e-06 0 
3 -2 0 0.24917 0.24917 298.859 -10.4383 0.946354 0.93369 0.459019 -86.843 0.00571992 0.0886674 0.0238321 1 0 0.000333624 0 4.67603e-07 0 1.10314e-06 0 
3 -2 0 0.251373 0.251373 298.551 -10.0511 0.947891 0.950569 0.460593 -86.8308 0.00569291 0.0895303 0.0235954 0.999999 0 0.000336379 0 2.98329e-07 0 -1.99529e-06 0 
3 -2 0 0.253538 0.253538 298.396 -9.75089 0.949351 0.966732 0.462066 -86.8839 0.00564749 0.0903902 0.0234522 1.00001 0 0.000337789 0 4.71768e-07 0 8.85206e-06 0 
3 -2 0 0.25566 0.25566 298.383 -9.49949 0.950828 0.98378 0.463209 -86.9173 0.00562142 0.0912432 0.0232787 1.00001 0 0.000337907 0 4.90961e-07 0 8.32245e-06 0 
3 -2 0 0.257735 0.257735 298.502 -9.34031 0.951938 1.00052 0.464257 -86.9492 0.00559481 0.0920152 0.0231489 1.00001 0 0.000336835 0 5.07608e-07 0 9.04458e-06 0 
3 -2 0 0.259761 0.259761 298.743 -9.12953 0.952983 1.01674 0.465762 -86.9075 0.00563895 0.0927247 0.0228029 0.999984 0 0.000334644 0 2.37964e-07 0 -1.93797e-05 0 
3 -2 0 0.261735 0.261735 299.098 -8.75137 0.953787 1.034 0.466802 -86.9257 0.00561564 0.0934437 0.0225547 0.999983 0 0.000331476 0 2.23447e-07 0 -1.99567e-05 0 
3 -2 0 0.263652 0.263652 299.557 -8.47943 0.954316 1.05084 0.467756 -86.9547 0.00559257 0.0941483 0.0223527 0.999983 0 0.000327421 0 2.01941e-07 0 -1.88959e-05 0 
3 -2 0 0.265508 0.265508 300.113 -8.27625 0.954983 1.06751 0.468645 -87.0051 0.00555516 0.0948349 0.0219103 1.00002 0 0.000322625 0 2.73472e-07 0 2.03956e-05 0 
3 -2 0 0.267331 0.267331 300.766 -8.06451 0.955449 1.08451 0.469458 -87.0325 0.00552829 0.095514 0.0216551 1.00002 0 0.000317017 0 2.7789e-07 0 1.55963e-05 0 
3 -2 0 0.269077 0.269077 301.496 -7.94178 0.956636 1.10087 0.470189 -87.0589 0.00550018 0.0961677 0.0211877 1.00002 0 0.000310885 0 2.78037e-07 0 2.06953e-05 0 
3 -2 0 0.270761 0.270761 302.3 -7.74433 0.95741 1.11752 0.470901 -87.0023 0.00559338 0.0968029 0.0208093 1.00003 0 0.000304271 0 9.75871e-08 0 2.74791e-05 0 
3 -2 0 0.272401 0.272401 303.182 -7.69635 0.958126 1.1335 0.471513 -87.0253 0.00557551 0.0974231 0.0203498 1.00003 0 0.000297175 0 9.73922e-08 0 3.00585e-05 0 
3 -2 0 0.273978 0.273978 304.125 -7.6151 0.958587 1.15025 0.472058 -87.0474 0.00555755 0.0980212 0.0199682 1.00003 0 0.000289758 0 9.51106e-08 0 2.57997e-05 0 
3 -2 0 0.275497 0.275497 305.127 -7.26743 0.95915 1.16703 0.473607 -87.1007 0.00547665 0.0986144 0.019581 1.00002 0 0.000282072 0 1.55923e-07 0 1.31837e-05 0 
3 -2 0 0.276979 0.276979 306.197 -7.25693 0.959691 1.18315 0.474138 -87.1246 0.00544757 0.0991814 0.0190641 1.00001 0 0.000274092 0 1.57307e-07 0 6.80037e-06 0 
3 -2 0 0.278392 0.278392 307.308 -7.16068 0.959993 1.19859 0.474608 -87.1487 0.00541627 0.0997195 0.0186367 1.00002 0 0.000266068 0 1.54252e-07 0 1.80185e-05 0 
3 -2 0 0.279746 0.279746 308.46 -6.76861 0.960374 1.2148 0.47643 -87.0932 0.00554865 0.100212 0.0181942 1.00001 0 0.00025797 0 5.69475e-08 0 4.52845e-06 0 
3 -2 0 0.281061 0.281061 309.666 -6.63159 0.960443 1.22992 0.477538 -87.1107 0.00553444 0.100671 0.0177652 1.00001 0 0.000249772 0 5.66583e-08 0 8.42608e-06 0 
3 -2 0 0.282325 0.282325 310.911 -6.57014 0.960334 1.24566 0.478586 -87.1276 0.00551997 0.101113 0.0173959 1.00001 0 0.000241576 0 5.5614e-08 0 5.98868e-06 0 
3 -2 0 0.283542 0.283542 312.195 -6.37001 0.96197 1.2611 0.479026 -87.1549 0.00548436 0.101495 0.0168852 0.999999 0 0.000233406 0 6.55483e-08 0 -7.62756e-07 0 
3 -2 0 0.28472 0.28472 313.521 -6.30089 0.96237 1.27588 0.480022 -87.172 0.00546377 0.101911 0.016501 0.999992 0 0.000225255 0 7.35566e-08 0 -5.31784e-06 0 
3 -2 0 0.285847 0.285847 314.874 -6.29922 0.96256 1.29133 0.48096 -87.1891 0.00544127 0.10231 0.015963 1 0 0.000217247 0 8.22286e-08 0 1.33595e-06 0 
3 -2 0 0.286934 0.286934 316.258 -6.27659 0.962315 1.30583 0.481671 -87.115 0.005554 0.102699 0.0156206 0.999894 0 -6.34187e-05 0 1.64254e-08 0 0.000209287 0 
3 -2 0 0.28798 0.28798 317.673 -6.37187 0.962161 1.3203 0.482536 -87.1287 0.00554499 0.103069 0.0151192 0.999927 0 -4.3317e-05 0 1.62874e-08 0 0.000201516 0 
3 -2 0 0.288986 0.288986 319.114 -6.30302 0.961977 1.33492 0.483355 -87.1418 0.00553632 0.103425 0.014644 0.999935 0 0.000193886 0 1.54291e-08 0 -3.79769e-05 0 
3 -2 0 0.289954 0.289954 320.58 -6.10696 0.963638 1.34877 0.48183 -87.1751 0.00544632 0.10375 0.0142171 1.00006 0 0.000186502 0 2.93147e-08 0 3.78149e-05 0 
3 -2 0 0.290901 0.290901 322.095 -5.82839 0.963722 1.36305 0.482748 -87.1934 0.00542057 0.104089 0.0138115 0.999949 0 0.000179012 0 2.98748e-08 0 -2.95371e-05 0 
3 -2 0 0.291798 0.291798 323.609 -5.64538 0.963628 1.37658 0.483609 -87.2121 0.00539239 0.10441 0.0134617 0.999858 0 -8.08348e-05 0 3.02125e-08 0 0.000171864 0 
3 -2 0 0.292658 0.292658 325.138 -5.58878 0.964109 1.39001 0.485206 -87.1636 0.0055019 0.104716 0.0130403 0.999898 0 -6.20508e-05 0 1.2429e-08 0 0.000164976 0 
3 -2 0 0.29349 0.29349 326.695 -5.62297 0.964465 1.40313 0.485941 -87.1771 0.00548811 0.105013 0.0126096 0.999959 0 0.00015826 0 1.26721e-08 0 -2.47836e-05 0 
3 -2 0 0.294291 0.294291 328.269 -5.7126 0.964622 1.41576 0.486639 -87.1905 0.00547339 0.105297 0.0121734 1.00001 0 0.000151757 0 1.26134e-08 0 8.56982e-06 0 
3 -2 0 0.295062 0.295062 329.859 -5.52852 0.964968 1.42872 0.487218 -87.2391 0.00539675 0.105573 0.011834 0.999944 0 -2.96695e-05 0 2.2955e-08 0 0.000145393 0 
3 -2 0 0.295811 0.295811 331.482 -5.32627 0.965142 1.44148 0.487862 -87.2559 0.00536835 0.10584 0.0114314 0.999952 0 0.00013921 0 2.41843e-08 0 -2.50759e-05 0 
3 -2 0 0.296526 0.296526 333.106 -5.21144 0.965129 1.45363 0.488471 -87.2737 0.005336 0.106093 0.0110364 0.999997 0 0.000133305 0 2.56348e-08 0 -1.71927e-06 0 
3 -2 0 0.297213 0.297213 334.741 -5.46735 0.965382 1.46554 0.489391 -87.2018 0.00552053 0.106337 0.0106808 0.999945 0 -2.7397e-05 0 4.93412e-09 0 0.000127574 0 
3 -2 0 0.29788 0.29788 336.404 -5.25169 0.965673 1.47716 0.489868 -87.2105 0.00551777 0.106573 0.0103397 0.999973 0 -5.12447e-05 0 4.30435e-09 0 0.000122 0 
3 -2 0 0.298521 0.298521 338.077 -5.08001 0.965779 1.48915 0.490314 -87.2193 0.00551632 0.1068 0.0100404 0.99998 0 -3.71328e-05 0 3.40703e-09 0 0.000116661 0 
3 -2 0 0.299136 0.299136 339.753 -5.04721 0.965589 1.50037 0.490018 -87.2056 0.00547871 0.107025 0.0096847 0.999997 0 0.000111557 0 4.22616e-09 0 -6.27344e-06 0 
3 -2 0 0.299733 0.299733 341.455 -5.12364 0.965448 1.51144 0.490552 -87.217 0.00546528 0.107236 0.0093991 1.00001 0 0.000106605 0 4.49158e-09 0 1.13097e-05 0 
3 -2 0 0.300308 0.300308 343.168 -5.25066 0.965161 1.5227 0.491058 -87.2286 0.00545047 0.107438 0.00903908 1.00001 0 0.000101832 0 4.67903e-09 0 1.76273e-05 0 
3 -2 0 0.30086 0.30086 344.885 -4.91348 0.965666 1.53321 0.491929 -87.2803 0.0053779 0.107629 0.0087225 1.00001 0 9.72478e-05 0 1.41687e-08 0 1.03623e-05 0 
3 -2 0 0.301396 0.301396 346.623 -4.99195 0.966229 1.54399 0.492306 -87.2936 0.00534923 0.107818 0.00840203 1 0 9.28132e-05 0 1.62784e-08 0 1.93237e-06 0 
3 -2 0 0.301912 0.301912 348.37 -5.12359 0.966578 1.55434 0.49266 -87.3074 0.00531455 0.107998 0.00812278 0.999993 0 8.8558e-05 0 1.90573e-08 0 -1.21406e-05 0 
3 -2 0 0.302409 0.302409 350.123 -4.72651 0.964951 1.56441 0.492271 -87.2651 0.0055305 0.108198 0.00786648 1.00043 0 -4.98206e-05 0 2.23623e-09 0 8.45088e-05 0 
3 -2 0 0.302927 0.302927 352.033 -4.69743 0.964757 1.57506 0.492756 -87.281 0.00552084 0.108379 0.00757015 1.00034 0 -3.98502e-05 0 2.31809e-09 0 8.0294e-05 0 
3 -2 0 0.303392 0.303392 353.822 -4.73292 0.965771 1.58461 0.493185 -87.2956 0.0055116 0.108542 0.00732275 1.0001 0 7.65353e-05 0 2.23025e-09 0 -1.22847e-05 0 
3 -2 0 0.303841 0.303841 355.62 -5.06237 0.96534 1.5941 0.493954 -87.2332 0.00547687 0.108681 0.00701853 0.999937 0 7.28922e-05 0 1.17763e-09 0 -9.96136e-05 0 
3 -2 0 0.30428 0.30428 357.45 -5.14318 0.966166 1.60371 0.494264 -87.2431 0.00547079 0.108833 0.00676502 0.999989 0 6.94337e-05 0 7.15895e-10 0 -1.66139e-05 0 
3 -2 0 0.304699 0.304699 359.271 -4.83123 0.966748 1.61288 0.494551 -87.2543 0.00546592 0.108979 0.00654255 1.00003 0 6.63751e-05 0 1.7396e-10 0 5.12294e-05 0 
3 -2 0 0.305104 0.305104 361.101 -4.82599 0.966739 1.62175 0.494636 -87.2767 0.00539241 0.109131 0.00634078 1.00002 0 6.30288e-05 0 2.898e-09 0 2.86116e-05 0 
3 -2 0 0.305496 0.305496 362.948 -4.6025 0.967155 1.63036 0.494964 -87.2891 0.00536672 0.109266 0.00607532 1 0 5.99373e-05 0 3.21519e-09 0 8.28693e-07 0 
3 -2 0 0.305876 0.305876 364.802 -4.46893 0.967371 1.63876 0.495274 -87.3027 0.00533631 0.109397 0.00584624 0.999984 0 -2.55204e-05 0 3.56443e-09 0 5.70135e-05 0 
3 -2 0 0.306242 0.306242 366.668 -4.3877 0.967201 1.6471 0.495385 -87.2873 0.00541559 0.109518 0.00564411 0.999939 0 5.42183e-05 0 4.85423e-09 0 -8.66672e-05 0 
3 -2 0 0.306599 0.306599 368.554 -4.39403 0.967433 1.65555 0.495559 -87.2933 0.00539555 0.109641 0.00545903 0.999937 0 5.15463e-05 0 5.77828e-09 0 -8.93302e-05 0 
3 -2 0 0.306941 0.306941 370.437 -4.46926 0.967474 1.66366 0.495716 -87.298 0.00537014 0.10976 0.00524473 0.999958 0 4.90154e-05 0 7.05704e-09 0 -5.89221e-05 0 
3 -2 0 0.307271 0.307271 372.317 -4.36951 0.966078 1.67113 0.49619 -87.2722 0.00549597 0.109899 0.00507869 0.999998 0 4.66299e-05 0 5.02517e-10 0 -3.86973e-06 0 
3 -2 0 0.307599 0.307599 374.267 -4.43789 0.96697 1.67903 0.496457 -87.2674 0.00548957 0.110011 0.00489135 0.99996 0 4.42341e-05 0 3.49237e-10 0 -6.15064e-05 0 
3 -2 0 0.307912 0.307912 376.194 -4.39104 0.967617 1.68671 0.496698 -87.2507 0.00548463 0.110118 0.00472472 0.999922 0 -0.00011907 0 8.98336e-11 0 4.20012e-05 0 
3 -2 0 0.30821 0.30821 378.105 -4.32378 0.967167 1.69374 0.496897 -87.3092 0.00541721 0.110205 0.00453983 0.999939 0 3.99076e-05 0 8.43388e-10 0 -8.56556e-05 0 
3 -2 0 0.308506 0.308506 380.072 -4.45748 0.966764 1.70115 0.497073 -87.3242 0.00540414 0.110306 0.00436125 0.999944 0 3.786e-05 0 1.23917e-09 0 -7.77914e-05 0 
3 -2 0 0.308788 0.308788 382.018 -4.64711 0.966392 1.70819 0.497232 -87.3388 0.00538616 0.110403 0.00419524 0.999959 0 3.59396e-05 0 1.93395e-09 0 -5.55826e-05 0 
3 -2 0 0.309059 0.309059 383.964 -4.29022 0.966716 1.71497 0.497244 -87.2694 0.00548673 0.110511 0.00408427 1.00001 0 3.41688e-05 0 2.82898e-10 0 1.66089e-05 0 
3 -2 0 0.30933 0.30933 385.979 -4.3338 0.967519 1.7217 0.497488 -87.2613 0.00547955 0.110603 0.00392401 0.999959 0 3.23204e-05 0 2.01091e-10 0 -6.18086e-05 0 
3 -2 0 0.309589 0.309589 387.975 -4.18741 0.968088 1.72813 0.49771 -87.2405 0.00547383 0.11069 0.00378127 0.999909 0 -0.000134664 0 6.00025e-11 0 3.0632e-05 0 
3 -2 0 0.309836 0.309836 389.951 -4.719 0.967406 1.73464 0.498032 -87.3369 0.00536088 0.110767 0.00362929 0.999919 0 -0.000111074 0 7.14032e-10 0 2.90534e-05 0 
3 -2 0 0.31008 0.31008 391.985 -4.76372 0.967914 1.74092 0.49819 -87.3545 0.0053342 0.110851 0.00350556 0.99998 0 2.75216e-05 0 1.07981e-09 0 -2.71428e-05 0 
3 -2 0 0.310314 0.310314 393.999 -4.41597 0.968177 1.74692 0.498325 -87.3707 0.0052976 0.110933 0.00336842 1 0 2.60915e-05 0 1.63249e-09 0 1.61482e-06 0 
3 -2 0 0.310533 0.310533 395.952 -4.18061 0.968394 1.75265 0.498105 -87.3052 0.00548694 0.111012 0.00326046 0.999898 0 1.24834e-05 0 2.15566e-10 0 2.47568e-05 0 
3 -2 0 0.310782 0.310782 398.265 -4.05958 0.968791 1.75912 0.498345 -87.3067 0.00547868 0.111097 0.00314363 0.999635 0 4.50118e-05 0 1.65295e-10 0 2.32772e-05 0 
3 -2 0 0.310997 0.310997 400.337 -4.02787 0.968955 1.76471 0.498542 -87.2959 0.00547274 0.111171 0.00302998 0.999454 0 6.76768e-05 0 7.49681e-11 0 2.2019e-05 0 
3 -2 0 0.311202 0.311202 402.386 -4.92154 0.968046 1.77029 0.498877 -87.3138 0.00542204 0.111243 0.00290702 0.999914 0 -0.000113401 0 1.0486e-10 0 2.08216e-05 0 
3 -2 0 0.311406 0.311406 404.498 -4.49667 0.967908 1.77576 0.499012 -87.3317 0.00541463 0.111316 0.00279905 1.00004 0 4.88715e-05 0 1.47452e-10 0 1.96602e-05 0 
3 -2 0 0.3116 0.3116 406.582 -4.20686 0.967592 1.78099 0.499135 -87.3504 0.00540414 0.111388 0.00270196 1.00012 0 0.000151946 0 2.23435e-10 0 1.86026e-05 0 
3 -2 0 0.311791 0.311791 408.707 -3.95313 0.969134 1.78563 0.497897 -87.3161 0.00547731 0.111446 0.00260758 0.999912 0 1.12599e-05 0 1.32552e-10 0 1.75894e-05 0 
3 -2 0 0.311976 0.311976 410.849 -3.97813 0.968816 1.7908 0.498153 -87.3219 0.00546633 0.11151 0.00251815 0.999673 0 4.22605e-05 0 1.26665e-10 0 1.66161e-05 0 
3 -2 0 0.312156 0.312156 412.999 -4.05759 0.968384 1.79583 0.498396 -87.3181 0.00545638 0.111572 0.00243587 0.999466 0 6.91996e-05 0 9.96733e-11 0 1.56856e-05 0 
3 -2 0 0.312327 0.312327 415.124 -4.01896 0.967407 1.80065 0.49952 -87.3233 0.00540036 0.111641 0.00235395 1.0001 0 0.000127687 0 2.63436e-10 0 1.47979e-05 0 
3 -2 0 0.312499 0.312499 417.328 -3.92916 0.968411 1.80542 0.499657 -87.3452 0.00539004 0.111706 0.00227576 1.00026 0 0.000338413 0 2.71077e-10 0 1.39514e-05 0 
3 -2 0 0.312661 0.312661 419.489 -3.93319 0.969098 1.80994 0.499784 -87.3682 0.00537571 0.111769 0.00219623 1.00029 0 0.000371938 0 2.40721e-10 0 1.31664e-05 0 
3 -2 0 0.312822 0.312822 421.711 -4.03702 0.967747 1.81445 0.49838 -87.3157 0.00546745 0.111804 0.00212142 0.999654 0 4.40985e-05 0 6.43158e-11 0 1.24216e-05 0 
3 -2 0 0.312978 0.312978 423.944 -4.13297 0.967033 1.81879 0.498615 -87.3136 0.00545685 0.111859 0.00204736 0.999504 0 6.34741e-05 0 7.5337e-11 0 1.16997e-05 0 
3 -2 0 0.313129 0.313129 426.179 -3.96367 0.966244 1.82298 0.498838 -87.2963 0.00544829 0.111913 0.00197963 0.999527 0 6.07513e-05 0 7.61776e-11 0 1.10198e-05 0 
3 -2 0 0.313272 0.313272 428.382 -3.87474 0.969525 1.827 0.499845 -87.3376 0.00536529 0.111979 0.00192244 1.00021 0 0.000278464 0 4.19189e-10 0 1.03757e-05 0 
3 -2 0 0.313414 0.313414 430.636 -3.87079 0.969946 1.83097 0.499994 -87.3624 0.00534713 0.112036 0.00185799 1.00031 0 0.000411979 0 3.94206e-10 0 9.76805e-06 0 
3 -2 0 0.31355 0.31355 432.885 -3.94761 0.970125 1.83481 0.500135 -87.3889 0.00532199 0.112093 0.00179878 1.00027 0 0.000361568 0 2.80071e-10 0 9.19692e-06 0 
3 -2 0 0.313684 0.313684 435.176 -4.08041 0.966703 1.83862 0.498649 -87.33 0.0054656 0.112112 0.0017405 0.999642 0 3.15512e-05 0 3.92424e-11 0 8.66552e-06 0 
3 -2 0 0.313816 0.313816 437.501 -3.90776 0.965835 1.84233 0.498872 -87.3294 0.00545518 0.112162 0.0016877 0.999567 0 3.87078e-05 0 6.02834e-11 0 8.14162e-06 0 
3 -2 0 0.313943 0.313943 439.828 -3.81898 0.965468 1.84592 0.499082 -87.3119 0.00544724 0.11221 0.0016384 0.999582 0 4.4385e-05 0 7.93774e-11 0 7.64654e-06 0 
3 -2 0 0.314064 0.314064 442.127 -3.8093 0.970117 1.8494 0.500008 -87.3273 0.00537774 0.112273 0.00158582 1.00178 0 -0.000197514 0 6.88418e-10 0 7.18741e-06 0 
3 -2 0 0.314183 0.314183 444.467 -3.86084 0.970319 1.85279 0.500158 -87.3526 0.00536428 0.112326 0.00153901 1.00224 0 -0.000237979 0 7.19431e-10 0 6.75066e-06 0 
3 -2 0 0.314298 0.314298 446.813 -3.98458 0.970308 1.85607 0.500306 -87.381 0.00534612 0.112379 0.00149513 1.00088 0 0.000208185 0 5.17365e-10 0 6.33315e-06 0 
3 -2 0 0.314414 0.314414 449.274 -3.75039 0.967914 1.85949 0.499751 -87.2576 0.00543968 0.112393 0.00144957 0.999103 0 8.38674e-05 0 4.88423e-11 0 5.93714e-06 0 
3 -2 0 0.314528 0.314528 451.765 -3.78293 0.968597 1.86276 0.499913 -87.2704 0.00543296 0.11244 0.00140738 0.999572 0 3.81972e-05 0 3.18553e-11 0 5.55398e-06 0 
3 -2 0 0.314634 0.314634 454.186 -3.87583 0.96904 1.86583 0.500062 -87.287 0.00542976 0.112486 0.00136905 1.00036 0 -3.03754e-05 0 1.60085e-11 0 5.20491e-06 0 
3 -2 0 0.314738 0.314738 456.636 -3.93207 0.970455 1.86861 0.499813 -87.3429 0.00528354 0.112518 0.0013302 1.00204 0 -0.00012869 0 -2.30781e-11 0 4.87443e-06 0 
3 -2 0 0.314839 0.314839 459.092 -3.89332 0.969751 1.87154 0.499977 -87.3664 0.00523762 0.112565 0.00129429 1.00159 0 -9.56006e-05 0 -3.65137e-13 0 4.56405e-06 0 
3 -2 0 0.314937 0.314937 461.554 -3.74181 0.968939 1.87438 0.500138 -87.3935 0.0051798 0.112611 0.00126055 1.00093 0 -5.35397e-05 0 -9.27807e-11 0 4.27279e-06 0 
3 -2 0 0.315033 0.315033 464.067 -3.70834 0.967813 1.87729 0.500157 -87.2586 0.00545058 0.112633 0.00122809 0.99855 0 8.34193e-05 0 3.47681e-11 0 3.99505e-06 0 
3 -2 0 0.315127 0.315127 466.646 -3.6897 0.968551 1.88004 0.50029 -87.271 0.00544783 0.112676 0.00119682 0.998844 0 6.33939e-05 0 1.59214e-11 0 3.72846e-06 0 
3 -2 0 0.315217 0.315217 469.176 -3.7415 0.969054 1.88265 0.500412 -87.2875 0.00544953 0.11272 0.00116791 0.99961 0 2.03836e-05 0 -2.93586e-12 0 3.48432e-06 0 
3 -2 0 0.315306 0.315306 471.754 -3.63811 0.96438 1.88509 0.499921 -87.3486 0.00527716 0.112748 0.00113697 1.00183 0 -9.95107e-05 0 -2.75892e-10 0 3.25149e-06 0 
3 -2 0 0.315391 0.315391 474.33 -3.69995 0.963038 1.88757 0.500089 -87.3748 0.00522827 0.112791 0.00111005 1.00085 0 -4.39463e-05 0 -2.93271e-10 0 3.03464e-06 0 
3 -2 0 0.315473 0.315473 476.91 -3.82639 0.961786 1.88996 0.50025 -87.4044 0.00516569 0.112835 0.00108463 1.00002 0 2.83145e-06 0 -4.50696e-10 0 -1.07053e-06 0 
3 -2 0 0.315554 0.315554 479.534 -3.57394 0.969281 1.8923 0.499796 -87.2367 0.00545301 0.112827 0.0010592 0.995585 0 0.000234068 0 -3.05775e-10 0 2.6401e-06 0 
3 -2 0 0.315632 0.315632 482.192 -3.67497 0.969163 1.8946 0.499958 -87.2433 0.00544924 0.112864 0.0010353 0.995658 0 0.000217048 0 -6.75799e-10 0 2.45862e-06 0 
3 -2 0 0.315708 0.315708 484.849 -3.82986 0.968911 1.89681 0.500104 -87.2596 0.00545176 0.112902 0.00101281 0.996422 0 0.000168613 0 -1.10125e-09 0 2.28972e-06 0 
3 -2 0 0.31578 0.31578 487.466 -4.20502 0.968281 1.89904 0.500851 -87.3858 0.005251 0.112959 0.000991582 0.995988 0 0.000238511 0 -1.15965e-09 0 2.13379e-06 0 
3 -2 0 0.315853 0.315853 490.211 -4.53369 0.968731 1.90117 0.50094 -87.4108 0.00518789 0.113008 0.000970666 0.996638 0 0.000188781 0 -8.95994e-10 0 1.98251e-06 0 
3 -2 0 0.315923 0.315923 492.917 -4.07456 0.968964 1.90318 0.501003 -87.4323 0.00510073 0.113037 0.000951188 0.997454 0 0.00013504 0 -4.55992e-10 0 1.84392e-06 0 
3 -2 0 0.315993 0.315993 495.764 -3.64981 0.969462 1.90527 0.500995 -87.3004 0.00550444 0.113034 0.000932074 0.998081 0 4.77861e-05 0 -1.02763e-09 0 1.70935e-06 0 
3 -2 0 0.316061 0.316061 498.635 -3.81056 0.969338 1.90727 0.501059 -87.3211 0.0055252 0.113079 0.00091369 0.999024 0 2.30622e-05 0 -1.18994e-09 0 1.58286e-06 0 
3 -2 0 0.316125 0.316125 501.4 -4.03213 0.969027 1.90913 0.501117 -87.3416 0.00554752 0.113098 0.000896926 0.999697 0 6.79492e-06 0 -1.12804e-09 0 1.47e-06 0 
3 -2 0 0.316188 0.316188 504.253 -3.62374 0.969503 1.91085 0.500182 -87.2949 0.00540166 0.113088 0.000881044 0.997528 0 5.60955e-05 0 -4.81158e-10 0 1.36161e-06 0 
3 -2 0 0.316251 0.316251 507.232 -3.75832 0.969553 1.91267 0.500322 -87.3158 0.00538854 0.113095 0.000864897 0.998479 0 3.25891e-05 0 -6.38274e-10 0 1.2572e-06 0 
3 -2 0 0.316309 0.316309 510.077 -3.95003 0.969405 1.91435 0.500455 -87.3406 0.00537567 0.113101 0.00085008 0.999591 0 8.295e-06 0 -6.64826e-10 0 1.16505e-06 0 
3 -2 0 0.316367 0.316367 512.99 -3.59628 0.969468 1.91601 0.500385 -87.3525 0.00527725 0.113118 0.000835675 0.997877 0 3.35795e-05 0 -2.93754e-10 0 1.07761e-06 0 
3 -2 0 0.316423 0.316423 515.954 -3.71475 0.96961 1.91762 0.500514 -87.3756 0.00522253 0.113124 0.000822009 0.998524 0 2.20525e-05 0 -3.57599e-10 0 9.95435e-07 0 
3 -2 0 0.316476 0.316476 518.869 -3.89927 0.969537 1.91913 0.500628 -87.3997 0.00515172 0.113129 0.000809257 0.999148 0 1.20239e-05 0 -3.06079e-10 0 9.2065e-07 0 
3 -2 0 0.316529 0.316529 521.82 -4.06131 0.96892 1.9208 0.500852 -87.3195 0.00545192 0.113129 0.000798119 0.998085 0 3.00822e-05 0 -1.04541e-09 0 8.50754e-07 0 
3 -2 0 0.31658 0.31658 524.827 -4.18661 0.968345 1.92232 0.500938 -87.3396 0.00545374 0.113136 0.000786268 0.999344 0 9.69197e-06 0 -8.53822e-10 0 7.8496e-07 0 
3 -2 0 0.316628 0.316628 527.802 -3.82961 0.968771 1.92376 0.501013 -87.359 0.00545148 0.113143 0.000775206 0.999828 0 2.39144e-06 0 -4.70279e-10 0 7.24953e-07 0 
3 -2 0 0.316673 0.316673 530.659 -3.66838 0.967739 1.92502 0.500585 -87.3286 0.00538753 0.113144 0.000764756 1.00039 0 1.4745e-05 0 5.614e-10 0 6.7035e-07 0 
3 -2 0 0.316729 0.316729 534.378 -3.94742 0.968578 1.9267 0.500709 -87.3525 0.00536357 0.113159 0.000752235 0.99913 0 9.57434e-06 0 1.52814e-09 0 6.07703e-07 0 
3 -2 0 0.316774 0.316774 537.438 -4.25429 0.968953 1.92801 0.500797 -87.3722 0.00533407 0.113172 0.000742512 0.997717 0 2.36166e-05 0 2.17556e-09 0 5.59882e-07 0 
3 -2 0 0.316819 0.316819 540.629 -4.41751 0.969129 1.92928 0.499281 -87.2718 0.00543695 0.113194 0.000732362 0.996679 0 -9.84505e-05 0 7.64803e-10 0 5.13355e-07 0 
3 -2 0 0.316862 0.316862 543.9 -4.36717 0.969185 1.93059 0.499439 -87.294 0.00543962 0.113205 0.000723155 0.995278 0 -0.00013081 0 1.02926e-09 0 4.70297e-07 0 
3 -2 0 0.316903 0.316903 547.049 -3.95632 0.968994 1.93179 0.49959 -87.3214 0.00544762 0.113216 0.000714772 0.996023 0 -0.000103804 0 1.26608e-09 0 4.32271e-07 0 
3 -2 0 0.316942 0.316942 550.177 -4.14388 0.968911 1.93289 0.500006 -87.3665 0.00528307 0.11323 0.000706756 0.997491 0 -5.54545e-05 0 1.85247e-09 0 3.97495e-07 0 
3 -2 0 0.31698 0.31698 553.394 -4.48779 0.969234 1.93398 0.500133 -87.3901 0.0052303 0.113246 0.000699131 0.99665 0 -6.9471e-05 0 2.41919e-09 0 3.64673e-07 0 
3 -2 0 0.317018 0.317018 556.62 -4.1541 0.969272 1.93502 0.500244 -87.412 0.00515613 0.113265 0.000691903 0.996842 0 -6.17553e-05 0 2.86911e-09 0 3.34489e-07 0 
3 -2 0 0.317055 0.317055 559.979 -4.63383 0.968679 1.93619 0.500071 -87.3205 0.00547089 0.113278 0.000685292 0.997601 0 -4.58939e-05 0 2.57595e-09 0 3.05728e-07 0 
3 -2 0 0.317091 0.317091 563.422 -4.08837 0.968246 1.93722 0.500211 -87.3507 0.00548557 0.113299 0.000678509 0.998747 0 -2.25302e-05 0 3.06882e-09 0 2.78803e-07 0 
3 -2 0 0.317125 0.317125 566.704 -3.75655 0.967595 1.93815 0.500338 -87.3802 0.00549745 0.113322 0.000672422 0.999911 0 -1.50782e-06 0 3.37348e-09 0 2.55383e-07 0 
3 -2 0 0.317156 0.317156 569.823 -4.52368 0.968652 1.93889 0.499501 -87.3523 0.00531376 0.113349 0.000666257 0.997133 0 -4.27328e-05 0 2.2336e-09 0 2.349e-07 0 
3 -2 0 0.317192 0.317192 573.641 -3.98512 0.968137 1.93985 0.499664 -87.3787 0.00526484 0.11338 0.000659552 0.998358 0 -2.28827e-05 0 2.73144e-09 0 2.12069e-07 0 
3 -2 0 0.317223 0.317223 577.036 -3.69937 0.967449 1.94066 0.499793 -87.4016 0.00520287 0.113412 0.000653952 0.99922 0 -1.02614e-05 0 3.04305e-09 0 1.93649e-07 0 
3 -2 0 0.317252 0.317252 580.459 -3.89043 0.969108 1.9419 0.498282 -87.2949 0.00544048 0.113434 0.00064931 0.999474 0 -6.45651e-06 0 5.47566e-09 0 1.7665e-07 0 
3 -2 0 0.317282 0.317282 583.939 -3.65222 0.970101 1.94273 0.498473 -87.328 0.00545281 0.113469 0.000644021 1.00144 0 1.66144e-05 0 6.12164e-09 0 1.60926e-07 0 
4 -2 0 0.317282 0.317282 583.939 -3.65222 0.970101 1.94273 0.498473 -87.328 0.00545281 0.113469 0.000644021 1.00144 0 1.66144e-05 0 6.12164e-09 0 1.60926e-07 0 
3 -2 0 0.317283 0.317283 584.079 -3.62565 0.970227 1.94276 0.49844 -87.3268 0.00545243 0.113475 0.000643796 1.00169 0 1.94206e-05 0 5.9549e-09 0 1.6032e-07 0 
3 -2 0 0.317279 0.317279 583.622 -3.62224 0.970232 1.94265 0.498368 -87.3193 0.00544947 0.113469 0.00064445 1.00163 0 1.88285e-05 0 5.68817e-09 0 1.62295e-07 0 
3 -2 0 0.317226 0.317226 577.475 -4.30903 0.966527 1.94114 0.500965 -87.2419 0.00540483 0.113407 0.000653264 0.998508 0 -1.61032e-05 0 1.61033e-09 0 1.91358e-07 0 
3 -2 0 0.317288 0.317288 584.733 -3.56454 0.969878 1.94284 0.500885 -87.2657 0.00535649 0.11337 0.000642585 0.999921 0 -7.36939e-07 0 1.81419e-09 0 1.57579e-07 0 
3 -2 0 0.317284 0.317284 584.175 -3.56577 0.969843 1.94272 0.500906 -87.2617 0.00536407 0.113367 0.000643368 1.00003 0 2.71033e-07 0 1.73236e-09 0 1.59753e-07 0 
3 -2 0 0.317272 0.317272 582.795 -3.7075 0.963301 1.9418 0.500975 -87.2998 0.00529254 0.113373 0.000645293 1.00121 0 9.41528e-06 0 8.0929e-10 0 1.65925e-07 0 
3 -2 0 0.317264 0.317264 581.829 -3.64808 0.962569 1.9416 0.500973 -87.2905 0.0053016 0.113374 0.000646731 1.00164 0 1.2998e-05 0 8.3915e-10 0 1.70272e-07 0 
3 -2 0 0.317253 0.317253 580.562 -3.5821 0.961554 1.94133 0.500969 -87.2792 0.00531346 0.113375 0.000648655 1.00232 0 1.88917e-05 0 8.63291e-10 0 1.76148e-07 0 
3 -2 0 0.317236 0.317236 578.575 -3.72216 0.964657 1.94102 0.498923 -87.3677 0.00549652 0.113367 0.000652543 1.00848 0 5.35602e-05 0 8.68005e-10 0 1.858e-07 0 
3 -2 0 0.317216 0.317216 576.34 -3.89931 0.965801 1.94039 0.499098 -87.3442 0.00551183 0.113366 0.000655926 1.00751 0 4.92552e-05 0 8.04835e-10 0 1.97263e-07 0 
3 -2 0 0.317196 0.317196 574.066 -3.78462 0.966916 1.93972 0.499273 -87.3223 0.00552648 0.113365 0.000659509 1.00542 0 3.6824e-05 0 7.46897e-10 0 2.09646e-07 0 
3 -2 0 0.317163 0.317163 570.596 -3.58691 0.971529 1.93861 0.501023 -87.2059 0.00542072 0.113364 0.00066525 1.00183 0 1.60323e-05 0 1.84133e-09 0 2.30085e-07 0 
3 -2 0 0.31713 0.31713 567.194 -3.5995 0.972651 1.93752 0.50107 -87.2319 0.00544235 0.113362 0.000671568 0.999404 0 -5.50442e-06 0 1.42593e-09 0 2.52038e-07 0 
3 -2 0 0.317096 0.317096 563.851 -3.69328 0.973657 1.9364 0.5011 -87.2472 0.00546283 0.11336 0.000678131 0.996757 0 -3.14937e-05 0 1.13602e-09 0 2.75637e-07 0 
3 -2 0 0.31706 0.31706 560.462 -3.60393 0.968562 1.93611 0.500992 -87.3309 0.0052658 0.11339 0.000683956 1.00971 0 0.000269107 0 1.58103e-09 0 3.01835e-07 0 
3 -2 0 0.317012 0.317012 556.165 -3.90082 0.969627 1.93464 0.501078 -87.2816 0.00531923 0.113362 0.000693176 1.00326 0 9.71401e-05 0 8.96479e-10 0 3.38645e-07 0 
3 -2 0 0.316975 0.316975 552.963 -3.90928 0.970275 1.93357 0.501125 -87.2548 0.0053565 0.113344 0.000700484 0.998165 0 -5.77142e-05 0 4.16888e-10 0 3.68962e-07 0 
3 -2 0 0.316933 0.316933 549.491 -4.21257 0.969822 1.93269 0.501102 -87.2591 0.00534012 0.113305 0.000709212 0.995241 0 -6.0808e-05 0 4.73683e-10 0 4.04947e-07 0 
3 -2 0 0.316891 0.316891 546.134 -4.61937 0.968816 1.93147 0.501072 -87.2374 0.0053786 0.113281 0.000717679 0.996149 0 -5.19823e-05 0 3.82598e-10 0 4.43031e-07 0 
3 -2 0 0.31685 0.31685 542.983 -5.11591 0.967599 1.93028 0.501025 -87.221 0.00541048 0.113258 0.000726098 0.998055 0 -2.7716e-05 0 3.1159e-10 0 4.82041e-07 0 
3 -2 0 0.316808 0.316808 539.851 -3.98061 0.968168 1.9282 0.50066 -87.2128 0.00539233 0.11323 0.00073612 1.02114 0 0.00031889 0 8.83788e-12 0 5.24109e-07 0 
3 -2 0 0.316764 0.316764 536.739 -3.69234 0.967173 1.92699 0.50057 -87.1987 0.0054183 0.113203 0.000745382 1.02899 0 0.000472584 0 -3.85777e-11 0 5.6972e-07 0 
3 -2 0 0.316719 0.316719 533.693 -3.49874 0.966011 1.92575 0.500453 -87.2061 0.00544343 0.11318 0.00075503 1.03214 0 0.000558006 0 -6.86143e-11 0 6.18086e-07 0 
3 -2 0 0.316671 0.316671 530.536 -3.63816 0.971753 1.92499 0.501135 -87.2536 0.00534803 0.113162 0.000764744 0.999609 0 -1.56887e-05 0 7.49614e-10 0 6.7256e-07 0 
3 -2 0 0.316623 0.316623 527.48 -3.6339 0.972445 1.92356 0.501112 -87.2309 0.00537723 0.11314 0.000775594 0.996575 0 -0.000142831 0 4.83476e-10 0 7.29908e-07 0 
3 -2 0 0.316574 0.316574 524.48 -3.69575 0.973024 1.9221 0.501071 -87.2141 0.00540541 0.113118 0.00078687 0.994331 0 -0.000245717 0 3.02726e-10 0 7.90982e-07 0 
3 -2 0 0.316521 0.316521 521.379 -4.49977 0.970145 1.92044 0.500587 -87.3228 0.00527306 0.113096 0.000797981 0.996504 0 -0.000152997 0 6.70658e-10 0 8.59509e-07 0 
3 -2 0 0.316466 0.316466 518.273 -4.9793 0.96918 1.91879 0.500728 -87.2901 0.00531617 0.113074 0.000810937 0.997909 0 -9.62689e-05 0 5.09648e-10 0 9.34077e-07 0 
3 -2 0 0.316412 0.316412 515.362 -5.49139 0.967996 1.91718 0.500843 -87.2669 0.00535217 0.113053 0.000823784 0.999932 0 -3.29913e-06 0 3.926e-10 0 1.01002e-06 0 
3 -2 0 0.316358 0.316358 512.529 -3.59228 0.969619 1.91591 0.501175 -87.2492 0.00536787 0.113028 0.000837101 1.04443 0 0.00224981 0 -1.92414e-10 0 1.08947e-06 0 
4 -2 0 0.316296 0.316296 509.478 -4.10238 0.969829 1.9141 0.501159 -87.2328 0.00540056 0.113006 0.000852097 1.05606 0 0.00312843 0 -2.58274e-10 0 1.18222e-06 0 
4 -2 0 0.316238 0.316238 506.681 -4.05628 0.969818 1.91238 0.501124 -87.2183 0.00542884 0.112986 0.000866635 1.05742 0 0.003393 0 -2.54342e-10 0 1.2742e-06 0 
3 -2 0 0.316173 0.316173 503.589 -3.85207 0.970864 1.91028 0.501001 -87.2605 0.0053547 0.112964 0.000883633 1.00153 0 0.000157355 0 1.85722e-10 0 1.38411e-06 0 
3 -2 0 0.316109 0.316109 500.705 -3.7486 0.971167 1.90837 0.50106 -87.2418 0.00538716 0.112943 0.000900459 0.998944 0 -0.00011165 0 1.37693e-10 0 1.49531e-06 0 
3 -2 0 0.316045 0.316045 497.939 -3.69487 0.971331 1.90647 0.501097 -87.2271 0.00541523 0.112922 0.000917545 0.996388 0 -0.000390772 0 1.05157e-10 0 1.61024e-06 0 
3 -2 0 0.315976 0.315976 495.067 -3.77294 0.967915 1.90446 0.499831 -87.319 0.00528821 0.112898 0.000938513 1.00146 0 0.00017714 0 7.10367e-11 0 1.73917e-06 0 
3 -2 0 0.315907 0.315907 492.291 -3.63121 0.967218 1.90245 0.500019 -87.2917 0.00532611 0.112876 0.00095744 1.00129 0 0.000161927 0 3.07478e-11 0 1.87329e-06 0 
3 -2 0 0.315837 0.315837 489.592 -3.54777 0.966317 1.90043 0.500184 -87.2711 0.00535912 0.112855 0.000976784 1.00056 0 7.23947e-05 0 1.09974e-11 0 2.01382e-06 0 
3 -2 0 0.315764 0.315764 486.855 -3.86407 0.968949 1.89801 0.49785 -87.3442 0.00524937 0.112829 0.000996407 0.999055 0 -8.95267e-05 0 -2.63226e-11 0 2.16698e-06 0 
3 -2 0 0.315689 0.315689 484.159 -4.14733 0.968916 1.89583 0.498155 -87.3183 0.0052972 0.112807 0.00101844 0.998255 0 -0.00017547 0 2.1313e-12 0 2.32915e-06 0 
3 -2 0 0.315612 0.315612 481.513 -4.5457 0.968737 1.8936 0.498433 -87.2979 0.0053364 0.112784 0.00104143 0.997654 0 -0.000250507 0 4.92459e-11 0 2.50031e-06 0 
3 -2 0 0.315535 0.315535 478.909 -4.02922 0.968805 1.8915 0.498322 -87.3517 0.00523669 0.112753 0.0010652 0.999236 0 -0.000122577 0 2.58136e-10 0 2.68112e-06 0 
3 -2 0 0.315452 0.315452 476.237 -4.38172 0.968442 1.88907 0.498075 -87.3284 0.00528908 0.112729 0.0010906 0.998636 0 -0.000234363 0 2.8403e-10 0 2.88001e-06 0 
3 -2 0 0.315368 0.315368 473.65 -4.27568 0.967898 1.88664 0.497833 -87.3098 0.00533038 0.112705 0.00111674 0.998229 0 -0.000325656 0 3.09006e-10 0 3.08667e-06 0 
3 -2 0 0.315283 0.315283 471.081 -3.702 0.968352 1.88427 0.499007 -87.3457 0.00525713 0.112675 0.00114468 0.999469 0 -0.000122971 0 2.27368e-10 0 3.30652e-06 0 
3 -2 0 0.315195 0.315195 468.538 -3.87888 0.968613 1.8817 0.498783 -87.3252 0.00530482 0.11265 0.00117413 0.9989 0 -0.000271508 0 2.60355e-10 0 3.53952e-06 0 
3 -2 0 0.315105 0.315105 466.014 -4.1527 0.968768 1.87905 0.498555 -87.3082 0.0053434 0.112623 0.00120433 0.998714 0 -0.000350808 0 2.94025e-10 0 3.7868e-06 0 
3 -2 0 0.315011 0.315011 463.494 -4.15689 0.968589 1.87667 0.4989 -87.344 0.00526259 0.112591 0.00123552 0.999462 0 -0.000143734 0 3.34012e-10 0 4.05141e-06 0 
3 -2 0 0.314915 0.314915 461.002 -4.48791 0.968153 1.87388 0.498679 -87.3244 0.00530817 0.112564 0.00126811 0.99909 0 -0.000243003 0 3.50396e-10 0 4.331e-06 0 
3 -2 0 0.314816 0.314816 458.527 -4.23117 0.967803 1.87102 0.498455 -87.3081 0.00534515 0.112537 0.00130262 0.998824 0 -0.000314654 0 3.61528e-10 0 4.62774e-06 0 
3 -2 0 0.314715 0.314715 456.065 -4.50745 0.968461 1.86816 0.498744 -87.3364 0.00527834 0.112503 0.00134081 0.999033 0 -0.000264185 0 3.89519e-10 0 4.94324e-06 0 
3 -2 0 0.31461 0.31461 453.625 -4.35653 0.968026 1.86514 0.498517 -87.3181 0.00532073 0.112475 0.00137797 0.998746 0 -0.000343112 0 3.98026e-10 0 5.27698e-06 0 
3 -2 0 0.314503 0.314503 451.2 -4.10371 0.967617 1.86204 0.49829 -87.3028 0.00535513 0.112446 0.00141705 0.998525 0 -0.000404836 0 3.9595e-10 0 5.63115e-06 0 
3 -2 0 0.314392 0.314392 448.8 -4.24291 0.968673 1.85883 0.497682 -87.3151 0.00531462 0.112409 0.00146049 0.998976 0 -0.000282966 0 3.36853e-10 0 6.005e-06 0 
3 -2 0 0.314278 0.314278 446.409 -4.64063 0.968489 1.85554 0.497416 -87.2985 0.00535066 0.112378 0.00150277 0.998645 0 -0.000375056 0 3.63384e-10 0 6.40224e-06 0 
3 -2 0 0.314161 0.314161 444.035 -4.39355 0.968144 1.85217 0.497147 -87.2844 0.00538029 0.112346 0.00154769 0.998401 0 -0.000444323 0 3.72573e-10 0 6.8225e-06 0 
3 -2 0 0.31404 0.31404 441.671 -4.11733 0.9684 1.84851 0.497477 -87.3259 0.00528534 0.11231 0.00159717 0.998997 0 -0.000292922 0 3.05492e-10 0 7.26859e-06 0 
3 -2 0 0.313916 0.313916 439.321 -3.92754 0.968732 1.84491 0.497211 -87.3066 0.00532481 0.112278 0.00164896 0.998869 0 -0.000331805 0 3.19957e-10 0 7.74083e-06 0 
3 -2 0 0.313788 0.313788 436.995 -3.7833 0.968923 1.84131 0.497208 -87.2907 0.00535746 0.112246 0.00169911 0.998839 0 -0.000342709 0 3.17835e-10 0 8.23836e-06 0 
3 -2 0 0.313657 0.313657 434.711 -3.66529 0.966566 1.83783 0.497072 -87.3117 0.00531069 0.112202 0.00175287 0.999455 0 -0.000164058 0 1.23554e-10 0 8.75835e-06 0 
3 -2 0 0.313521 0.313521 432.406 -3.62577 0.965994 1.83394 0.497219 -87.2934 0.00534945 0.112159 0.00180896 0.998777 0 -0.000367226 0 1.14882e-10 0 9.31593e-06 0 
3 -2 0 0.313384 0.313384 430.158 -3.63765 0.965311 1.83001 0.497467 -87.2779 0.00538121 0.112114 0.00186844 0.998337 0 -0.000499293 0 1.07632e-10 0 9.89397e-06 0 
3 -2 0 0.313242 0.313242 427.906 -3.73541 0.968843 1.82605 0.496866 -87.3142 0.00530273 0.112062 0.0019313 0.999007 0 -0.000306145 0 3.38047e-10 0 1.05094e-05 0 
3 -2 0 0.313093 0.313093 425.635 -3.77097 0.968558 1.82191 0.496995 -87.2969 0.00533758 0.112026 0.00199552 0.999206 0 -0.000247221 0 2.99697e-10 0 1.11686e-05 0 
3 -2 0 0.312942 0.312942 423.413 -3.92885 0.968025 1.81772 0.497151 -87.2826 0.00536644 0.111989 0.00206324 0.999824 0 -5.55684e-05 0 2.32288e-10 0 1.18552e-05 0 
3 -2 0 0.312785 0.312785 421.188 -5.08707 0.966255 1.81339 0.499002 -87.2768 0.00534798 0.111916 0.00213784 1.00174 0 0.000591248 0 1.27008e-10 0 1.25804e-05 0 
3 -2 0 0.312622 0.312622 418.964 -5.13104 0.96669 1.80885 0.499047 -87.2612 0.00537965 0.111845 0.0022099 1.003 0 0.00104428 0 1.23454e-10 0 1.33524e-05 0 
3 -2 0 0.312458 0.312458 416.793 -4.81422 0.966991 1.80425 0.499072 -87.2477 0.00540582 0.111775 0.00228624 1.00339 0 0.00119637 0 1.16314e-10 0 1.41522e-05 0 
3 -2 0 0.312289 0.312289 414.644 -4.04447 0.967097 1.79969 0.497224 -87.2857 0.00534593 0.111722 0.00236894 0.999609 0 -0.000137455 0 7.94418e-11 0 1.49925e-05 0 
3 -2 0 0.312112 0.312112 412.46 -4.33451 0.965951 1.79486 0.497343 -87.2689 0.00537103 0.111644 0.00246115 1.00001 0 1.59154e-05 0 9.88867e-11 0 3.40528e-06 0 
3 -2 0 0.311932 0.311932 410.325 -4.16983 0.964476 1.78997 0.497438 -87.2553 0.00539353 0.111567 0.00254465 1.00072 0 0.000259181 0 8.56613e-11 0 1.68286e-05 0 
3 -2 0 0.311744 0.311744 408.18 -4.45176 0.967776 1.78485 0.497812 -87.2567 0.00538771 0.111508 0.00263106 1.00033 0 0.000116534 0 1.2487e-10 0 1.78214e-05 0 
3 -2 0 0.31155 0.31155 406.033 -4.25032 0.967157 1.77953 0.497878 -87.2435 0.00541164 0.11143 0.00272763 1.00109 0 0.000390391 0 1.28994e-10 0 1.88788e-05 0 
3 -2 0 0.311352 0.311352 403.934 -4.09431 0.966307 1.77415 0.497921 -87.2318 0.00543208 0.111353 0.00283193 1.00146 0 0.000529852 0 1.26763e-10 0 1.9971e-05 0 
3 -2 0 0.311149 0.311149 401.852 -3.95748 0.968861 1.76849 0.496049 -87.2737 0.00536735 0.111287 0.00292981 1.00178 0 -0.000156022 0 2.33979e-10 0 2.11524e-05 0 
3 -2 0 0.310939 0.310939 399.768 -4.05663 0.969114 1.76273 0.496181 -87.2592 0.00539193 0.111205 0.00304122 1.00253 0 -0.000218844 0 2.45629e-10 0 2.23671e-05 0 
3 -2 0 0.310723 0.310723 397.71 -4.24227 0.969211 1.75721 0.496298 -87.2465 0.00541397 0.111123 0.00316449 1.00122 0 0.000474938 0 1.85678e-10 0 2.35943e-05 0 
3 -2 0 0.310499 0.310499 395.643 -4.0741 0.967468 1.75135 0.495985 -87.2854 0.005356 0.111064 0.00327733 0.999804 0 2.4934e-05 0 5.74672e-10 0 1.6147e-05 0 
3 -2 0 0.310266 0.310266 393.581 -4.07729 0.966619 1.74545 0.495647 -87.2705 0.00538244 0.110974 0.00339283 0.999752 0 -9.01862e-05 0 4.53719e-10 0 2.6361e-05 0 
3 -2 0 0.310029 0.310029 391.553 -4.15867 0.965504 1.73944 0.495301 -87.2577 0.00540529 0.110883 0.00351776 0.999677 0 -0.000118157 0 4.55562e-10 0 2.78322e-05 0 
3 -2 0 0.309783 0.309783 389.534 -4.23612 0.969793 1.73327 0.495833 -87.2926 0.00534408 0.110797 0.00366823 1.00094 0 -7.60857e-05 0 4.68184e-10 0 2.94187e-05 0 
3 -2 0 0.309531 0.309531 387.531 -4.19267 0.969958 1.72676 0.495456 -87.2765 0.00537462 0.110706 0.00379217 0.999609 0 -0.000141819 0 3.52002e-10 0 3.09975e-05 0 
3 -2 0 0.309273 0.309273 385.55 -4.19322 0.970004 1.72005 0.495062 -87.2623 0.00540072 0.110614 0.00392813 0.998807 0 -0.000430841 0 3.45964e-10 0 3.26834e-05 0 
3 -2 0 0.308997 0.308997 383.507 -4.41835 0.966618 1.71339 0.494957 -87.2935 0.00533285 0.110521 0.00409574 0.999751 0 -8.96656e-05 0 7.62365e-10 0 3.45294e-05 0 
3 -2 0 0.308717 0.308717 381.521 -4.28316 0.967251 1.70647 0.494576 -87.2776 0.00536412 0.110416 0.00425306 0.999903 0 3.64243e-05 0 7.07394e-10 0 -3.52797e-05 0 
3 -2 0 0.308431 0.308431 379.565 -4.20479 0.967761 1.69938 0.494186 -87.2637 0.00539061 0.110311 0.00439995 1.00011 0 4.15314e-05 0 6.42476e-10 0 3.78751e-05 0 
3 -2 0 0.308136 0.308136 377.623 -4.41306 0.968186 1.6921 0.494282 -87.2786 0.00535613 0.110207 0.00457734 1.00043 0 0.000166123 0 4.93719e-10 0 4.03989e-05 0 
3 -2 0 0.30783 0.30783 375.682 -4.3369 0.967669 1.68478 0.493863 -87.2634 0.00538456 0.110096 0.00475384 1.00048 0 0.000187014 0 4.39622e-10 0 4.25554e-05 0 
3 -2 0 0.307515 0.307515 373.764 -4.31678 0.966955 1.67726 0.49358 -87.2497 0.0054091 0.109983 0.00491628 1.00043 0 0.000167212 0 3.85907e-10 0 4.47956e-05 0 
3 -2 0 0.307188 0.307188 371.836 -4.36519 0.966489 1.66933 0.493747 -87.2557 0.00538725 0.109871 0.00512385 1.00003 0 4.72521e-05 0 5.51697e-10 0 1.0664e-05 0 
3 -2 0 0.306851 0.306851 369.932 -4.36447 0.965432 1.6613 0.493774 -87.2418 0.00541155 0.10975 0.00530738 1.00008 0 4.98087e-05 0 4.97063e-10 0 3.25856e-05 0 
3 -2 0 0.306504 0.306504 368.045 -4.43155 0.965619 1.6534 0.493779 -87.229 0.0054327 0.109626 0.00549127 1.00012 0 5.28831e-05 0 4.3745e-10 0 4.78372e-05 0 
3 -2 0 0.30614 0.30614 366.143 -4.3924 0.96723 1.64508 0.493625 -87.2281 0.00541263 0.109499 0.00570826 0.99997 0 5.50088e-05 0 -1.16773e-09 0 -1.23361e-05 0 
3 -2 0 0.305767 0.305767 364.266 -4.4936 0.966982 1.63665 0.493598 -87.2147 0.0054325 0.109366 0.00593148 1.00003 0 5.78749e-05 0 -1.49322e-09 0 1.42015e-05 0 
3 -2 0 0.305384 0.305384 362.411 -4.67686 0.966555 1.62797 0.493545 -87.2025 0.00545071 0.109229 0.00615675 1.00009 0 6.08987e-05 0 -1.71112e-09 0 3.64216e-05 0 
3 -2 0 0.304987 0.304987 360.568 -4.62994 0.964691 1.61917 0.493969 -87.194 0.00545042 0.109096 0.00639897 0.999821 0 6.38431e-05 0 1.16965e-09 0 -7.76882e-05 0 
3 -2 0 0.304577 0.304577 358.735 -4.82267 0.965188 1.60999 0.493833 -87.1816 0.00546848 0.108951 0.00660852 0.999527 0 -0.000206586 0 1.17077e-09 0 6.70418e-05 0 
3 -2 0 0.304153 0.304153 356.915 -5.09292 0.965575 1.60082 0.493674 -87.1694 0.00548486 0.108801 0.0068393 0.999319 0 -0.00030005 0 1.12082e-09 0 7.03871e-05 0 
3 -2 0 0.303708 0.303708 355.079 -4.62843 0.966203 1.59138 0.491899 -87.2087 0.00544852 0.108655 0.00713976 1.00017 0 8.30807e-05 0 1.9818e-09 0 7.33048e-05 0 
3 -2 0 0.30325 0.30325 353.268 -4.74253 0.966427 1.58183 0.491819 -87.1958 0.00546626 0.108492 0.00737519 1.00014 0 7.81264e-05 0 1.836e-09 0 6.5887e-05 0 
3 -2 0 0.30278 0.30278 351.484 -4.93252 0.966504 1.57201 0.491718 -87.1832 0.00548199 0.108325 0.00762451 1.00004 0 8.15019e-05 0 1.67235e-09 0 1.80735e-05 0 
3 -2 0 0.302292 0.302292 349.704 -5.23573 0.965366 1.56189 0.49141 -87.1931 0.0054659 0.108158 0.0079398 1.00001 0 8.54621e-05 0 2.17029e-09 0 3.70247e-06 0 
3 -2 0 0.301787 0.301787 347.939 -5.07471 0.96489 1.55134 0.491267 -87.1801 0.00548213 0.107979 0.00823157 0.999964 0 8.95803e-05 0 1.96692e-09 0 -1.65143e-05 0 
3 -2 0 0.301264 0.301264 346.19 -4.95719 0.965294 1.54119 0.4911 -87.167 0.00549671 0.107794 0.00848996 0.999924 0 -3.52415e-05 0 1.76414e-09 0 9.3866e-05 0 
3 -2 0 0.300723 0.300723 344.453 -5.06055 0.965965 1.53079 0.490956 -87.1683 0.00548986 0.107607 0.00883548 0.999964 0 9.83512e-05 0 2.17219e-09 0 -1.67768e-05 0 
3 -2 0 0.300162 0.300162 342.728 -4.97916 0.965994 1.51977 0.49073 -87.1547 0.00550439 0.107409 0.00913064 0.99992 0 -3.81753e-05 0 1.93035e-09 0 0.000102987 0 
3 -2 0 0.299581 0.299581 341.016 -4.95286 0.96586 1.5083 0.490478 -87.141 0.00551768 0.107203 0.00941706 0.999901 0 -4.78113e-05 0 1.70375e-09 0 0.000107815 0 
3 -2 0 0.298979 0.298979 339.319 -5.53535 0.965093 1.49751 0.489971 -87.1487 0.00550735 0.107003 0.00975229 1.00002 0 0.000112879 0 2.88297e-09 0 1.17382e-05 0 
3 -2 0 0.298355 0.298355 337.637 -5.54054 0.964306 1.48622 0.489689 -87.1343 0.00552097 0.106782 0.0101532 0.999975 0 0.000118056 0 2.58237e-09 0 -1.29378e-05 0 
3 -2 0 0.297708 0.297708 335.969 -5.40041 0.964186 1.4745 0.489378 -87.1401 0.00553366 0.106554 0.010447 0.999917 0 -4.28259e-05 0 2.31169e-09 0 0.000123429 0 
3 -2 0 0.297036 0.297036 334.315 -5.25354 0.965301 1.46264 0.487397 -87.1655 0.00549353 0.106343 0.0107791 1.00007 0 0.000129113 0 5.82488e-09 0 3.84138e-05 0 
3 -2 0 0.29634 0.29634 332.677 -5.46443 0.965101 1.45034 0.487182 -87.1509 0.00550817 0.106097 0.0111913 1.00007 0 0.000134899 0 5.26147e-09 0 3.75937e-05 0 
3 -2 0 0.295617 0.295617 331.056 -5.76359 0.964713 1.43778 0.486936 -87.1361 0.00552169 0.105843 0.0115234 1.00004 0 0.000140853 0 4.74859e-09 0 2.09195e-05 0 
3 -2 0 0.294867 0.294867 329.449 -5.53721 0.964012 1.42549 0.485064 -87.1796 0.0054777 0.105602 0.011927 0.999968 0 0.000147008 0 1.13874e-08 0 -1.68171e-05 0 
3 -2 0 0.294087 0.294087 327.86 -5.48122 0.964181 1.41224 0.484586 -87.1646 0.00549428 0.105328 0.0122777 0.999941 0 0.000153393 0 1.03268e-08 0 -3.12816e-05 0 
3 -2 0 0.293278 0.293278 326.291 -5.48281 0.9642 1.39963 0.484373 -87.1495 0.00550934 0.105044 0.0126822 0.999934 0 0.000159974 0 9.35175e-09 0 -3.55633e-05 0 
3 -2 0 0.292439 0.292439 324.742 -5.91554 0.96373 1.38646 0.485764 -87.1251 0.00551126 0.104739 0.0130754 0.999999 0 0.00016678 0 1.01015e-08 0 -7.36368e-07 0 
3 -2 0 0.291567 0.291567 323.213 -5.82607 0.963785 1.37315 0.485323 -87.108 0.00552776 0.104434 0.01354 0.999945 0 0.000173726 0 9.32177e-09 0 -3.1161e-05 0 
3 -2 0 0.290662 0.290662 321.706 -5.78767 0.963676 1.35931 0.484845 -87.0907 0.00554315 0.104117 0.0139192 0.999915 0 -4.90263e-05 0 8.47798e-09 0 0.000180873 0 
3 -2 0 0.289722 0.289722 320.222 -6.13043 0.962209 1.34516 0.483088 -87.1247 0.00551436 0.103793 0.0143214 1 0 0.000188247 0 1.78242e-08 0 1.03811e-06 0 
3 -2 0 0.288745 0.288745 318.762 -6.05527 0.962447 1.33143 0.482692 -87.1073 0.00553065 0.10343 0.014775 0.999972 0 0.000195738 0 1.60202e-08 0 -1.73926e-05 0 
3 -2 0 0.28773 0.28773 317.329 -6.0341 0.962534 1.31718 0.482255 -87.0895 0.00554594 0.103054 0.0152296 0.999959 0 0.000203393 0 1.46761e-08 0 -2.60712e-05 0 
3 -2 0 0.286676 0.286676 315.923 -6.22839 0.96248 1.30215 0.481681 -87.0975 0.00553192 0.102657 0.0156215 0.999972 0 0.000211206 0 2.19644e-08 0 -1.70444e-05 0 
3 -2 0 0.28558 0.28558 314.546 -6.22619 0.962281 1.28784 0.481168 -87.0787 0.0055484 0.102251 0.0161096 0.999948 0 0.00021913 0 2.02216e-08 0 -3.25381e-05 0 
3 -2 0 0.284442 0.284442 313.201 -6.28927 0.961883 1.27299 0.480609 -87.0594 0.00556405 0.101828 0.0165379 0.999952 0 0.000227172 0 1.86126e-08 0 -3.09389e-05 0 
3 -2 0 0.28326 0.28326 311.89 -6.42279 0.961598 1.25742 0.479775 -87.0685 0.00555094 0.101386 0.0169592 0.999952 0 0.00023529 0 2.87265e-08 0 -3.14552e-05 0 
3 -2 0 0.282031 0.282031 310.615 -6.52264 0.961036 1.24247 0.479159 -87.0481 0.00556768 0.100931 0.0174792 0.999967 0 0.000243475 0 2.65504e-08 0 -2.25208e-05 0 
3 -2 0 0.280755 0.280755 309.379 -6.70366 0.960228 1.22699 0.478492 -87.0349 0.00558381 0.100459 0.0178614 1.00001 0 0.000251699 0 2.4681e-08 0 7.89603e-06 0 
3 -2 0 0.279432 0.279432 308.186 -7.01115 0.960374 1.21127 0.477935 -87.0407 0.00559606 0.0999698 0.0183147 1.00003 0 0.000259881 0 2.80046e-08 0 1.88364e-05 0 
3 -2 0 0.278058 0.278058 307.038 -7.39154 0.959612 1.19498 0.477059 -87.0501 0.00561331 0.0994629 0.018736 0.999947 0 0.000267943 0 2.59731e-08 0 -4.04322e-05 0 
3 -2 0 0.276633 0.276633 305.939 -7.49697 0.958584 1.17937 0.476123 -87.0552 0.00563043 0.0989381 0.0192404 0.999883 0 -9.29918e-05 0 2.41857e-08 0 0.00027592 0 
3 -2 0 0.275152 0.275152 304.891 -7.36883 0.958166 1.16292 0.474845 -87.0108 0.00558769 0.0983947 0.0196286 0.999971 0 0.000283823 0 5.96491e-08 0 -2.33017e-05 0 
3 -2 0 0.273618 0.273618 303.901 -7.74973 0.958135 1.14669 0.474054 -86.9867 0.00560561 0.0978349 0.0200882 0.999998 0 0.000291471 0 5.44986e-08 0 -2.05171e-06 0 
3 -2 0 0.272028 0.272028 302.972 -7.75851 0.957898 1.13053 0.473198 -86.997 0.00562332 0.0972568 0.0204426 1.00002 0 0.000298826 0 5.27104e-08 0 1.44225e-05 0 
3 -2 0 0.270385 0.270385 302.112 -7.8555 0.956689 1.11363 0.472333 -86.9751 0.00562301 0.0966626 0.0209163 1.00005 0 0.00030583 0 7.02236e-08 0 4.4959e-05 0 
3 -2 0 0.268683 0.268683 301.322 -8.25935 0.955353 1.09736 0.471281 -86.9854 0.0056425 0.0960488 0.0212338 1.00009 0 0.00031242 0 6.61712e-08 0 8.30043e-05 0 
3 -2 0 0.266924 0.266924 300.611 -8.38534 0.955289 1.08063 0.470154 -86.9908 0.00566204 0.0954175 0.0216117 1.00009 0 0.000318428 0 6.25655e-08 0 8.36414e-05 0 
3 -2 0 0.26511 0.26511 299.985 -8.50096 0.952734 1.06377 0.469042 -86.9663 0.00565945 0.0947747 0.0219626 1.00002 0 0.000323724 0 8.78573e-08 0 1.68858e-05 0 
3 -2 0 0.263237 0.263237 299.449 -8.72266 0.950398 1.04719 0.467793 -86.9703 0.00568028 0.0940902 0.0222804 1.00002 0 0.000328413 0 8.33651e-08 0 2.46345e-05 0 
3 -2 0 0.261308 0.261308 299.012 -8.80243 0.950405 1.03022 0.466456 -86.97 0.00570152 0.0933309 0.0226706 1.00005 0 0.000332312 0 7.92935e-08 0 5.28925e-05 0 
3 -2 0 0.259326 0.259326 298.681 -9.02361 0.952984 1.01338 0.465429 -86.9392 0.0056919 0.0925559 0.0228944 1.00004 0 0.000335261 0 1.27085e-07 0 4.78772e-05 0 
3 -2 0 0.257291 0.257291 298.466 -9.42695 0.952117 0.996391 0.464013 -86.9399 0.0057147 0.091767 0.0230998 1.00006 0 0.000337236 0 1.21439e-07 0 7.66183e-05 0 
3 -2 0 0.255208 0.255208 298.375 -9.65175 0.950916 0.980227 0.462495 -86.9361 0.00573823 0.0909672 0.0233648 1.00008 0 0.000338093 0 1.16347e-07 0 9.92736e-05 0 
3 -2 0 0.25308 0.25308 298.417 -9.91554 0.949378 0.963768 0.461642 -86.8896 0.00571365 0.0901597 0.023584 1.00001 0 0.000337605 0 2.27941e-07 0 1.46265e-05 0 
3 -2 0 0.250906 0.250906 298.604 -10.1958 0.947493 0.94736 0.460106 -86.8912 0.00573855 0.0893458 0.023661 1.00001 0 0.000335924 0 2.19292e-07 0 1.6935e-05 0 
3 -2 0 0.248696 0.248696 298.945 -10.4387 0.945127 0.930746 0.458453 -86.888 0.0057643 0.0885316 0.0237303 1.00001 0 0.000332874 0 2.1138e-07 0 2.24458e-05 0 
3 -2 0 0.246455 0.246455 299.452 -10.7888 0.944173 0.915055 0.457225 -86.8391 0.00574402 0.0877207 0.0238633 1.00001 0 0.000328386 0 3.91268e-07 0 1.8409e-05 0 
3 -2 0 0.24419 0.24419 300.135 -11.2601 0.94321 0.899523 0.455443 -86.8409 0.00577178 0.0869195 0.0238262 1.00001 0 0.000322427 0 3.80903e-07 0 1.82794e-05 0 
3 -2 0 0.24191 0.24191 301.007 -11.8661 0.94188 0.883911 0.453523 -86.8374 0.00580054 0.0861342 0.0237568 1.00001 0 0.000314978 0 3.77216e-07 0 1.04043e-05 0 
3 -2 0 0.239622 0.239622 302.079 -11.8909 0.939698 0.868883 0.451834 -86.8019 0.00579413 0.0852136 0.0237324 1.00001 0 0.000306079 0 5.93874e-07 0 2.59586e-05 0 
3 -2 0 0.237336 0.237336 303.363 -12.3819 0.938016 0.854301 0.449679 -86.7992 0.00582526 0.0842054 0.0235344 1.00001 0 0.000295729 0 5.85969e-07 0 2.63833e-05 0 
3 -2 0 0.235064 0.235064 304.871 -13.0128 0.935836 0.839782 0.44736 -86.7912 0.00585761 0.0832294 0.0233689 1.00001 0 0.000284018 0 5.87018e-07 0 1.72246e-05 0 
3 -2 0 0.232817 0.232817 306.613 -13.4139 0.932397 0.826105 0.446279 -86.766 0.00586129 0.0822932 0.0231124 1.00001 0 0.000271069 0 8.63035e-07 0 1.78634e-05 0 
3 -2 0 0.230608 0.230608 308.6 -13.7611 0.928548 0.812844 0.445805 -86.7564 0.00589621 0.0814127 0.0228228 1 0 0.000257014 0 8.81969e-07 0 1.28199e-05 0 
3 -2 0 0.228451 0.228451 310.841 -14.2288 0.926454 0.799789 0.445215 -86.7418 0.00593252 0.080595 0.0225746 1 0 0.000242036 0 1.15801e-06 0 2.67735e-06 0 
3 -2 0 0.226359 0.226359 313.342 -14.8486 0.924056 0.787503 0.444263 -86.7222 0.005945 0.0798659 0.0221498 1.00001 0 0.000226376 0 1.18479e-06 0 2.20471e-05 0 
3 -2 0 0.224348 0.224348 316.107 -15.6368 0.920231 0.775929 0.443482 -86.7045 0.00598384 0.0790998 0.0216473 1 0 0.0002102 0 1.39836e-06 0 5.89082e-06 0 
3 -2 0 0.222434 0.222434 319.135 -16.1675 0.915381 0.765288 0.442557 -86.6827 0.00597686 0.0781926 0.021166 0.999997 0 0.000193792 0 1.18548e-06 0 -2.07638e-05 0 
3 -2 0 0.220633 0.220633 322.422 -16.9854 0.910958 0.75462 0.438935 -86.6607 0.00595736 0.0773976 0.0206394 1 0 0.000177543 0 2.95984e-06 0 2.93537e-05 0 
3 -2 0 0.218964 0.218964 325.95 -17.5321 0.904609 0.745199 0.438659 -86.6487 0.00599502 0.0767156 0.0200555 1 0 0.000161512 0 3.65837e-06 0 1.3128e-05 0 
3 -2 0 0.217442 0.217442 329.691 -18.2569 0.896422 0.736535 0.438231 -86.6322 0.00603361 0.0761709 0.0194987 0.999998 0 0.00014606 0 -2.11667e-05 0 3.02284e-06 0 
3 -2 0 0.216087 0.216087 333.597 -19.2404 0.890683 0.728315 0.437984 -86.6151 0.00605164 0.0757663 0.0188477 0.999989 0 0.000131502 0 4.63509e-06 0 -4.82014e-05 0 
3 -2 0 0.214912 0.214912 337.592 -20.2922 0.88166 0.720498 0.436962 -86.5942 0.00602996 0.0751179 0.0181543 0.999992 0 0.000118069 0 -0.000105228 0 5.75799e-06 0 
3 -2 0 0.213928 0.213928 341.569 -21.2395 0.869523 0.712943 0.435756 -86.5701 0.00601699 0.0746366 0.0174944 0.99999 0 -0.00019435 0 7.41114e-06 0 0.000106016 0 
3 -2 0 0.21314 0.21314 345.379 -22.615 0.856478 0.706212 0.434276 -86.5548 0.00603517 0.0743262 0.0168307 0.999956 0 -0.000306892 0 1.29754e-05 0 9.55328e-05 0 
3 -2 0 0.212539 0.212539 348.837 -23.8256 0.838708 0.698575 0.432613 -86.5282 0.00603185 0.0741703 0.0162273 0.999938 0 -0.00048368 0 1.93497e-05 0 8.67098e-05 0 
3 -2 0 0.212104 0.212104 351.735 -25.3815 0.816306 0.689864 0.430662 -86.5099 0.00603715 0.0741115 0.0157127 0.999922 0 -0.000704441 0 3.27499e-05 0 7.92166e-05 0 
3 -2 0 0.211806 0.211806 353.865 -26.982 0.790552 0.679783 0.430382 -86.4799 0.0060495 0.0737647 0.0152354 0.999944 0 -0.000616377 0 2.74045e-05 0 7.32825e-05 0 
3 -2 0 0.211609 0.211609 355.028 -28.8743 0.760327 0.666149 0.427928 -86.4373 0.00607677 0.0736705 0.0149547 0.999926 0 -0.000436892 0 8.15523e-05 2.15217e-05 8.15523e-05 -2.15217e-05 
3 -2 0 0.211481 0.211481 355.064 -30.6223 0.723591 0.648438 0.424601 -86.3754 0.00611787 0.0736394 0.0148054 1.00009 0 0.000385224 0 -7.47928e-05 0 7.81992e-05 0 
3 -2 0 0.211398 0.211398 353.879 -32.5321 0.681444 0.626099 0.42 -86.2992 0.00618322 0.073696 0.0148504 1.00022 0 0.000911007 0 -1.73232e-05 0 7.99583e-05 0 
3 -2 0 0.211343 0.211343 351.49 -34.5108 0.635989 0.599212 0.414553 -86.183 0.00626213 0.0737465 0.0151212 1.00024 0 0.00176727 0 -1.29294e-05 0 8.43079e-05 0 
3 -2 0 0.211304 0.211304 348.02 -36.3617 0.588591 0.568723 0.407827 -86.0322 0.00636476 0.0738128 0.0155976 1.00015 0 0.00232127 0 -1.06962e-05 0 9.20621e-05 0 
3 -2 0 0.211274 0.211274 343.659 -38.1676 0.539884 0.535727 0.397598 -85.837 0.00648476 0.0738609 0.0162646 1.00002 0 0.00178791 0 0.000101761 0 -1.04046e-06 0 
3 -2 0 0.211248 0.211248 338.613 -39.9527 0.491622 0.501942 0.388706 -85.6022 0.00664306 0.0737467 0.0171028 1 0 0.00298613 0 0.000115063 0 -3.57293e-08 0 
3 -2 0 0.211224 0.211224 333.069 -41.6766 0.445201 0.468236 0.378934 -85.3163 0.00683793 0.0736531 0.0180956 0.999994 0 0.00715525 0 0.000133176 0 1.58947e-07 0 
3 -2 0 0.2112 0.2112 327.194 -43.3526 0.402229 0.435534 0.368804 -85.0213 0.00710344 0.0734994 0.0192215 0.999986 0 0.0163504 0 0.000155818 0 4.79714e-08 0 
3 -2 0 0.211174 0.211174 321.127 -44.9413 0.36122 0.404298 0.35694 -84.6523 0.00737475 0.0734919 0.0204894 0.999992 0 0.0372974 0 0.000183622 0 1.39159e-08 0 
3 -2 0 0.211145 0.211145 314.988 -46.4702 0.323344 0.374999 0.344389 -84.2212 0.00770162 0.0735002 0.0218878 0.999997 0 0.0734084 0 0.000216558 0 3.6189e-09 0 
3 -2 0 0.211111 0.211111 308.872 -47.9522 0.289415 0.347742 0.333973 -83.7919 0.00809859 0.0735022 0.0234016 1 0 0.129528 0 -2.9292e-09 0 0.000255141 0 
3 -2 0 0.211073 0.211073 302.856 -49.3734 0.258957 0.322821 0.321141 -83.2806 0.00856661 0.073533 0.0250295 1 0 0.206463 0 -6.57921e-09 0 0.000299748 0 
3 -2 0 0.211029 0.211029 296.999 -50.7588 0.231425 0.300032 0.308015 -82.7647 0.00910841 0.0735805 0.0267918 1 0 0.304152 0 -1.07674e-08 0 0.000350659 0 
3 -2 0 0.210981 0.210981 291.345 -52.0527 0.206944 0.279148 0.295073 -82.2001 0.0096158 0.0736049 0.0287049 1 0 0.417682 0 -1.37757e-08 0 0.000408001 0 
3 -2 0 0.210931 0.210931 285.924 -53.3002 0.18589 0.26023 0.281856 -81.6015 0.0102588 0.0736894 0.030738 1 0 0.539473 0 -1.55874e-08 0 0.000471759 0 
3 -2 0 0.21088 0.21088 280.759 -54.5024 0.166788 0.242966 0.268552 -80.9965 0.0109971 0.0736788 0.0329378 1 0 0.660767 0 -1.55632e-08 0 0.000541758 0 
3 -2 0 0.210834 0.210834 275.865 -55.6614 0.150277 0.227176 0.256596 -80.3684 0.01173 0.0736366 0.0353176 1 0 0.77346 0 -1.32545e-08 0 0.000617651 0 
3 -2 0 0.210797 0.210797 271.251 -56.7559 0.135571 0.212723 0.244354 -79.7078 0.0125576 0.0738029 0.0378269 1 0 0.87141 0 -7.62864e-09 0 0.000698918 0 
3 -2 0 0.210774 0.210774 266.922 -57.8207 0.122481 0.199541 0.23216 -79.073 0.0135022 0.0740478 0.0405523 1 0 0.950979 0 1.42136e-09 0 0.000784866 0 
4 -2 0 0.210767 0.210767 263.698 -58.6382 0.113351 0.1899 0.2229 -78.5563 0.0142439 0.074233 0.0428712 1 0 1 0 2.93441e-10 0 0.000855638 0 
4 -2 0 0.210778 0.210778 259.832 -59.6463 0.102731 0.178423 0.211365 -77.8839 0.0153299 0.0746452 0.0459883 1 0 1.04618 0 6.39486e-08 0 0.00094919 0 
4 -2 0 0.210812 0.210812 256.309 -60.6142 0.0934137 0.168026 0.200753 -77.2254 0.0164425 0.0751874 0.0493325 1 0 1.07329 0 4.70496e-08 0 0.00104299 0 
4 -2 0 0.21087 0.21087 253.073 -61.5505 0.0851164 0.158473 0.189984 -76.5668 0.0176574 0.0758992 0.0528905 1 0 1.08674 0 7.97177e-08 0 0.00113745 0 
4 -2 0 0.21095 0.21095 250.124 -62.4493 0.0777745 0.149713 0.180209 -75.8989 0.0189435 0.0767719 0.0567394 1 0 1.08908 0 1.08128e-07 0 0.00123095 0 
4 -2 0 0.211048 0.211048 247.465 -63.3264 0.0711666 0.141644 0.170596 -75.2467 0.0203368 0.077838 0.0608204 1 0 1.08339 0 1.43954e-07 0 0.00132187 0 
4 -2 0 0.211162 0.211162 245.096 -64.182 0.0652191 0.134213 0.161273 -74.5849 0.0218471 0.0790888 0.0651903 1 0 1.07248 0 3.31412e-07 0 0.00140847 0 
4 -2 0 0.211283 0.211283 243.023 -65.0137 0.0598974 0.127382 0.152469 -73.9194 0.023427 0.0806049 0.0698508 1.00001 0 1.05876 0 4.11105e-07 0 0.00148894 0 
4 -2 0 0.211406 0.211406 241.248 -65.8179 0.0551151 0.121133 0.143981 -73.2603 0.0251617 0.0823796 0.0747922 1.00001 0 1.04418 0 4.23631e-07 0 0.00156146 0 
4 -2 0 0.211521 0.211521 239.776 -66.6052 0.0507957 0.115404 0.135783 -72.5924 0.027023 0.0844301 0.0800311 1.00002 0 1.03031 0 5.50364e-07 0 0.00162426 0 
4 -2 0 0.211622 0.211622 238.612 -67.373 0.0468914 0.110188 0.128028 -71.9152 0.0290194 0.0867784 0.0855706 1.00002 0 1.01825 0 6.94153e-07 0 0.00167572 0 
