# gsd	--	firingRate	maxFreq	ampFreq	ampOscil	class	meanEv	meanCT	L1	p1	L2	p2	L3	p3
0.00014	0	0	0.00124018	2.67687e-07	-10	-10	-10	-10	-10	-10	-10
0.0001402	0	0	0.000858919	2.07597e-06	-10	-10	-10	-10	-10	-10	-10
0.0001404	0	0	0.00104134	9.01594e-07	-10	-10	-10	-10	-10	-10	-10
0.0001406	0	0	0.000825732	5.43786e-06	-10	-10	-10	-10	-10	-10	-10
0.0001408	0	0	0.000476852	1.00565e-06	-10	-10	-10	-10	-10	-10	-10
0.000141	0	0	0.000340293	1.57471e-06	-10	-10	-10	-10	-10	-10	-10
0.0001412	0	0	0.000338528	6.57572e-07	-10	-10	-10	-10	-10	-10	-10
0.0001414	0	0	0.000831174	1.11332e-06	-10	-10	-10	-10	-10	-10	-10
0.0001416	0	0	0.000384172	8.00256e-07	-10	-10	-10	-10	-10	-10	-10
0.0001418	0	0	0.00042517	2.49868e-06	-10	-10	-10	-10	-10	-10	-10
0.000142	0	0	0.000301451	4.99277e-07	-10	-10	-10	-10	-10	-10	-10
0.0001422	0	0	0.000514241	1.07e-06	-10	-10	-10	-10	-10	-10	-10
0.0001424	0	0	0.000545817	1.01441e-06	-10	-10	-10	-10	-10	-10	-10
0.0001426	0	0	0.00103476	3.22999e-07	-10	-10	-10	-10	-10	-10	-10
0.0001428	0	0	0.00127953	1.51631e-06	-10	-10	-10	-10	-10	-10	-10
0.000143	0	0	0.00148741	5.65609e-07	-10	-10	-10	-10	-10	-10	-10
0.0001432	0	0	0.00189485	3.10527e-07	-10	-10	-10	-10	-10	-10	-10
0.0001434	0	0	0.0021231	4.62822e-07	-10	-10	-10	-10	-10	-10	-10
0.0001436	0	0	0.00083893	4.57508e-07	-10	-10	-10	-10	-10	-10	-10
0.0001438	0	0	0.00133392	3.29478e-07	-10	-10	-10	-10	-10	-10	-10
0.000144	0	0	0.00113792	1.91942e-07	-10	-10	-10	-10	-10	-10	-10
0.0001442	0	0	0.00075226	1.97908e-06	-10	-10	-10	-10	-10	-10	-10
0.0001444	0	0	0.000666873	1.32247e-06	-10	-10	-10	-10	-10	-10	-10
0.0001446	0	0	0.00222291	2.63608e-07	-10	-10	-10	-10	-10	-10	-10
0.0001448	0	0	0.00187999	7.05184e-07	-10	-10	-10	-10	-10	-10	-10
0.000145	0	0	0.000884577	2.25326e-06	-10	-10	-10	-10	-10	-10	-10
0.0001452	0	0	0.00110272	1.67226e-06	-10	-10	-10	-10	-10	-10	-10
0.0001454	0	0	0.000533754	1.41464e-06	-10	-10	-10	-10	-10	-10	-10
0.0001456	0	0	0.000376833	7.94706e-07	-10	-10	-10	-10	-10	-10	-10
0.0001458	0	0	0.000641499	1.19761e-06	-10	-10	-10	-10	-10	-10	-10
0.000146	0	0	0.000932753	2.38767e-06	-10	-10	-10	-10	-10	-10	-10
0.0001462	0	0	0.00082778	1.9537e-06	-10	-10	-10	-10	-10	-10	-10
0.0001464	0	0	0.00118565	2.33614e-07	-10	-10	-10	-10	-10	-10	-10
0.0001466	0	0	0.000438321	7.29176e-07	-10	-10	-10	-10	-10	-10	-10
0.0001468	0	0	0.0007408	8.33203e-07	-10	-10	-10	-10	-10	-10	-10
0.000147	0	0	0.00103036	4.58924e-07	-10	-10	-10	-10	-10	-10	-10
0.0001472	0	0	0.000709805	6.36842e-07	-10	-10	-10	-10	-10	-10	-10
0.0001474	0	0	0.000904829	1.07814e-06	-10	-10	-10	-10	-10	-10	-10
0.0001476	0	0	0.000916499	2.12155e-06	-10	-10	-10	-10	-10	-10	-10
0.0001478	0	0	0.00181727	1.3595e-06	-10	-10	-10	-10	-10	-10	-10
0.000148	0	0	0.000613761	1.22947e-06	-10	-10	-10	-10	-10	-10	-10
0.0001482	0	0	0.000969217	3.82413e-07	-10	-10	-10	-10	-10	-10	-10
0.0001484	0	0	0.000415647	7.66157e-07	-10	-10	-10	-10	-10	-10	-10
0.0001486	0	0	0.00113832	1.1213e-06	-10	-10	-10	-10	-10	-10	-10
0.0001488	0	0	0.000932787	5.11302e-06	-10	-10	-10	-10	-10	-10	-10
0.000149	0	0	0.000939091	3.30844e-06	-10	-10	-10	-10	-10	-10	-10
0.0001492	0	0	0.000581279	1.39805e-06	-10	-10	-10	-10	-10	-10	-10
0.0001494	0	0	0.000805627	5.81376e-07	-10	-10	-10	-10	-10	-10	-10
0.0001496	0	0	0.00110862	2.28066e-06	-10	-10	-10	-10	-10	-10	-10
0.0001498	0	0	0.000804125	9.19865e-07	-10	-10	-10	-10	-10	-10	-10
0.00015	0	0	0.000855833	4.68103e-07	-10	-10	-10	-10	-10	-10	-10
0.0001502	0	0	0.000488103	1.51331e-06	-10	-10	-10	-10	-10	-10	-10
0.0001504	0	0	0.000861592	1.56808e-06	-10	-10	-10	-10	-10	-10	-10
0.0001506	0	0	0.000537073	2.47753e-06	-10	-10	-10	-10	-10	-10	-10
0.0001508	0	0	0.000775526	7.04614e-07	-10	-10	-10	-10	-10	-10	-10
0.000151	0	0	0.000854715	1.70542e-06	-10	-10	-10	-10	-10	-10	-10
0.0001512	0	0	0.000761314	4.88275e-07	-10	-10	-10	-10	-10	-10	-10
0.0001514	0	0	0.000703566	3.37518e-06	-10	-10	-10	-10	-10	-10	-10
0.0001516	0	0	0.000806267	4.22193e-06	-10	-10	-10	-10	-10	-10	-10
0.0001518	0	0	0.000885046	1.56579e-06	-10	-10	-10	-10	-10	-10	-10
0.000152	0	0	0.0017753	7.84335e-07	-10	-10	-10	-10	-10	-10	-10
0.0001522	0	0	0.00057449	1.28891e-06	-10	-10	-10	-10	-10	-10	-10
0.0001524	0	0	0.000522781	2.7651e-06	-10	-10	-10	-10	-10	-10	-10
0.0001526	0	0	0.000445324	4.93144e-07	-10	-10	-10	-10	-10	-10	-10
0.0001528	0	0	0.00159807	4.3643e-07	-10	-10	-10	-10	-10	-10	-10
0.000153	0	0	0.00128691	3.62647e-07	-10	-10	-10	-10	-10	-10	-10
0.0001532	0	0	0.00143625	3.74902e-07	-10	-10	-10	-10	-10	-10	-10
0.0001534	0	0	0.00126695	4.6712e-07	-10	-10	-10	-10	-10	-10	-10
0.0001536	0	0	0.00124111	3.70957e-07	-10	-10	-10	-10	-10	-10	-10
0.0001538	0	0	0.000630707	1.19789e-06	-10	-10	-10	-10	-10	-10	-10
0.000154	0	0	0.00111948	3.05701e-06	-10	-10	-10	-10	-10	-10	-10
0.0001542	0	0	0.00047896	5.09328e-07	-10	-10	-10	-10	-10	-10	-10
0.0001544	0	0	0.000773507	6.11266e-07	-10	-10	-10	-10	-10	-10	-10
0.0001546	0	0	0.00159022	9.61918e-07	-10	-10	-10	-10	-10	-10	-10
0.0001548	0	0	0.000652043	1.34016e-06	-10	-10	-10	-10	-10	-10	-10
0.000155	0	0	0.000518915	1.03639e-06	-10	-10	-10	-10	-10	-10	-10
0.0001552	0	0	0.000847632	1.37981e-06	-10	-10	-10	-10	-10	-10	-10
0.0001554	0	0	0.000777845	1.16479e-06	-10	-10	-10	-10	-10	-10	-10
0.0001556	0	0	0.000657008	1.72335e-06	-10	-10	-10	-10	-10	-10	-10
0.0001558	0	0	0.000715139	3.98078e-07	-10	-10	-10	-10	-10	-10	-10
0.000156	0	0	0.00104785	8.40934e-07	-10	-10	-10	-10	-10	-10	-10
0.0001562	0	0	0.000551624	1.06369e-06	-10	-10	-10	-10	-10	-10	-10
0.0001564	0	0	0.000800698	2.34762e-06	-10	-10	-10	-10	-10	-10	-10
0.0001566	0	0	0.000665349	7.51947e-07	-10	-10	-10	-10	-10	-10	-10
0.0001568	0	0	0.000878346	9.03743e-07	-10	-10	-10	-10	-10	-10	-10
0.000157	0	0	0.000870829	9.15155e-07	-10	-10	-10	-10	-10	-10	-10
0.0001572	0	0	0.00128747	2.12659e-06	-10	-10	-10	-10	-10	-10	-10
0.0001574	0	0	0.000614921	1.52095e-06	-10	-10	-10	-10	-10	-10	-10
0.0001576	0	0	0.000894365	2.69802e-06	-10	-10	-10	-10	-10	-10	-10
0.0001578	0	0	0.000578984	1.57738e-06	-10	-10	-10	-10	-10	-10	-10
0.000158	0	0	0.000546411	1.86225e-06	-10	-10	-10	-10	-10	-10	-10
0.0001582	0	0	0.00138243	5.24652e-07	-10	-10	-10	-10	-10	-10	-10
0.0001584	0	0	0.000985329	2.1387e-06	-10	-10	-10	-10	-10	-10	-10
0.0001586	0	0	0.000463784	1.73734e-06	-10	-10	-10	-10	-10	-10	-10
0.0001588	0	0	0.000402656	5.55821e-07	-10	-10	-10	-10	-10	-10	-10
0.000159	0	0	0.00130376	1.37936e-06	-10	-10	-10	-10	-10	-10	-10
0.0001592	0	0	0.000448562	1.52194e-06	-10	-10	-10	-10	-10	-10	-10
0.0001594	0	0	0.000835942	1.79808e-06	-10	-10	-10	-10	-10	-10	-10
0.0001596	0	0	0.00133012	3.4619e-06	-10	-10	-10	-10	-10	-10	-10
0.0001598	0	0	0.00035659	4.51842e-07	-10	-10	-10	-10	-10	-10	-10
0.00016	0	0	0.00117723	3.18749e-06	-10	-10	-10	-10	-10	-10	-10
0.0001602	0	0	0.000722199	3.01646e-06	-10	-10	-10	-10	-10	-10	-10
0.0001604	0	0	0.000403646	1.70833e-06	-10	-10	-10	-10	-10	-10	-10
0.0001606	0	0	0.00102515	2.03845e-06	-10	-10	-10	-10	-10	-10	-10
0.0001608	0	0	0.000644539	2.11298e-06	-10	-10	-10	-10	-10	-10	-10
0.000161	0	0	0.000740593	2.458e-06	-10	-10	-10	-10	-10	-10	-10
0.0001612	0	0	0.000918486	3.32531e-06	-10	-10	-10	-10	-10	-10	-10
0.0001614	0	0	0.000640692	1.05812e-06	-10	-10	-10	-10	-10	-10	-10
0.0001616	0	0	0.000478019	1.06142e-06	-10	-10	-10	-10	-10	-10	-10
0.0001618	0	0	0.00108802	4.81985e-06	-10	-10	-10	-10	-10	-10	-10
0.000162	0	0	0.000868076	1.26591e-06	-10	-10	-10	-10	-10	-10	-10
0.0001622	0	0	0.000781139	3.2389e-06	-10	-10	-10	-10	-10	-10	-10
0.0001624	0	0	0.00121651	9.37783e-07	-10	-10	-10	-10	-10	-10	-10
0.0001626	0	0	0.00109683	2.30226e-06	-10	-10	-10	-10	-10	-10	-10
0.0001628	0	0	0.0012826	2.70701e-06	-10	-10	-10	-10	-10	-10	-10
0.000163	0	0	0.000982695	3.11812e-06	-10	-10	-10	-10	-10	-10	-10
0.0001632	0	0	0.000636085	3.42603e-06	-10	-10	-10	-10	-10	-10	-10
0.0001634	0	0	0.000942138	2.70103e-06	-10	-10	-10	-10	-10	-10	-10
0.0001636	0	0	0.000520575	5.86485e-07	-10	-10	-10	-10	-10	-10	-10
0.0001638	0	0	0.00105766	1.45662e-06	-10	-10	-10	-10	-10	-10	-10
0.000164	0	0	0.000866233	2.50277e-06	-10	-10	-10	-10	-10	-10	-10
0.0001642	0	0	0.000567458	2.74322e-07	-10	-10	-10	-10	-10	-10	-10
0.0001644	0	0	0.00062525	9.5662e-07	-10	-10	-10	-10	-10	-10	-10
0.0001646	0	0	0.000605911	1.05698e-06	-10	-10	-10	-10	-10	-10	-10
0.0001648	0	0	0.000627041	4.48367e-07	-10	-10	-10	-10	-10	-10	-10
0.000165	0	0	0.000992768	1.19533e-06	-10	-10	-10	-10	-10	-10	-10
0.0001652	0	0	0.000480874	1.21902e-06	-10	-10	-10	-10	-10	-10	-10
0.0001654	0	0	0.000370694	1.2755e-06	-10	-10	-10	-10	-10	-10	-10
0.0001656	0	0	0.000495258	2.8413e-06	-10	-10	-10	-10	-10	-10	-10
0.0001658	0	0	0.000693796	4.20836e-07	-10	-10	-10	-10	-10	-10	-10
0.000166	0	0	0.000306245	4.35137e-07	-10	-10	-10	-10	-10	-10	-10
0.0001662	0	0	0.000603147	9.84427e-07	-10	-10	-10	-10	-10	-10	-10
0.0001664	0	0	0.000885128	4.89998e-06	-10	-10	-10	-10	-10	-10	-10
0.0001666	0	0	0.000359284	1.54182e-06	-10	-10	-10	-10	-10	-10	-10
0.0001668	0	0	0.000362689	9.22611e-07	-10	-10	-10	-10	-10	-10	-10
0.000167	0	0	0.000551291	1.65296e-06	-10	-10	-10	-10	-10	-10	-10
0.0001672	0	0	0.000497734	3.8081e-07	-10	-10	-10	-10	-10	-10	-10
0.0001674	0	0	0.000507991	1.40231e-06	-10	-10	-10	-10	-10	-10	-10
0.0001676	0	0	0.000593991	2.02582e-06	-10	-10	-10	-10	-10	-10	-10
0.0001678	0	0	0.00061377	2.08261e-06	-10	-10	-10	-10	-10	-10	-10
0.000168	0	0	0.000640123	2.83955e-06	-10	-10	-10	-10	-10	-10	-10
0.0001682	0	0	0.000510963	6.09822e-07	-10	-10	-10	-10	-10	-10	-10
0.0001684	0	0	0.00120133	2.12169e-06	-10	-10	-10	-10	-10	-10	-10
0.0001686	0	0	0.00068912	2.18466e-06	-10	-10	-10	-10	-10	-10	-10
0.0001688	0	0	0.000898417	1.63338e-06	-10	-10	-10	-10	-10	-10	-10
0.000169	0	0	0.00078742	4.0254e-06	-10	-10	-10	-10	-10	-10	-10
0.0001692	0	0	0.000713005	9.61977e-07	-10	-10	-10	-10	-10	-10	-10
0.0001694	0	0	0.000688678	1.63645e-06	-10	-10	-10	-10	-10	-10	-10
0.0001696	0	0	0.000369727	1.57315e-06	-10	-10	-10	-10	-10	-10	-10
0.0001698	0	0	0.000486541	2.22238e-06	-10	-10	-10	-10	-10	-10	-10
0.00017	0	0	0.000808861	3.70907e-06	-10	-10	-10	-10	-10	-10	-10
0.0001702	0	0	0.000255117	4.25281e-07	-10	-10	-10	-10	-10	-10	-10
0.0001704	0	0	0.00247131	4.09581e-07	-10	-10	-10	-10	-10	-10	-10
0.0001706	0	0	0.000195715	4.18799e-07	-10	-10	-10	-10	-10	-10	-10
0.0001708	0	0	0.000246439	5.12349e-07	-10	-10	-10	-10	-10	-10	-10
0.000171	0	0	0.000307878	1.09458e-06	-10	-10	-10	-10	-10	-10	-10
0.0001712	0	0	0.000668663	3.10895e-06	-10	-10	-10	-10	-10	-10	-10
0.0001714	0	0	0.000446291	5.96791e-07	-10	-10	-10	-10	-10	-10	-10
0.0001716	0	0	0.000321075	6.59535e-07	-10	-10	-10	-10	-10	-10	-10
0.0001718	0	0	0.00032185	4.95108e-07	-10	-10	-10	-10	-10	-10	-10
0.000172	0	0	0.00208309	3.35854e-07	-10	-10	-10	-10	-10	-10	-10
0.0001722	0	0	0.000271329	3.4208e-07	-10	-10	-10	-10	-10	-10	-10
0.0001724	0	0	0.000209422	3.55029e-07	-10	-10	-10	-10	-10	-10	-10
0.0001726	0	0	0.000439639	1.07946e-06	-10	-10	-10	-10	-10	-10	-10
0.0001728	0	0	0.000407749	7.49133e-07	-10	-10	-10	-10	-10	-10	-10
0.000173	0	0	0.000230135	8.7684e-07	-10	-10	-10	-10	-10	-10	-10
0.0001732	0	0	0.000632751	3.57848e-06	-10	-10	-10	-10	-10	-10	-10
0.0001734	0	0	0.000279106	3.49757e-07	-10	-10	-10	-10	-10	-10	-10
0.0001736	0	0	0.000133881	1.08289e-07	-10	-10	-10	-10	-10	-10	-10
0.0001738	0	0	0.00027421	3.83972e-07	-10	-10	-10	-10	-10	-10	-10
0.000174	0	0	0.000487827	2.07611e-06	-10	-10	-10	-10	-10	-10	-10
0.0001742	0	0	0.000524439	6.36327e-07	-10	-10	-10	-10	-10	-10	-10
0.0001744	0	0	0.00041235	4.04687e-07	-10	-10	-10	-10	-10	-10	-10
0.0001746	0	0	0.000833304	2.02146e-06	-10	-10	-10	-10	-10	-10	-10
0.0001748	0	0	0.000865919	2.60974e-06	-10	-10	-10	-10	-10	-10	-10
0.000175	0	0	0.00136804	1.33985e-06	-10	-10	-10	-10	-10	-10	-10
0.0001752	0	0	0.000252505	4.9282e-07	-10	-10	-10	-10	-10	-10	-10
0.0001754	0	0	0.0003974	6.43919e-07	-10	-10	-10	-10	-10	-10	-10
0.0001756	0	0	0.000814153	2.19323e-06	-10	-10	-10	-10	-10	-10	-10
0.0001758	0	0	0.000967524	1.95665e-06	-10	-10	-10	-10	-10	-10	-10
0.000176	0	0	0.00104141	2.64586e-06	-10	-10	-10	-10	-10	-10	-10
0.0001762	0	0	0.00044313	1.08693e-06	-10	-10	-10	-10	-10	-10	-10
0.0001764	0	0	0.000731926	2.61823e-06	-10	-10	-10	-10	-10	-10	-10
0.0001766	0	0	0.000943384	2.58499e-06	-10	-10	-10	-10	-10	-10	-10
0.0001768	0	0	0.000427974	4.99541e-07	-10	-10	-10	-10	-10	-10	-10
0.000177	0	0	0.000517641	1.24973e-06	-10	-10	-10	-10	-10	-10	-10
0.0001772	0	0	0.000670839	1.10047e-06	-10	-10	-10	-10	-10	-10	-10
0.0001774	0	0	0.000567839	1.34861e-06	-10	-10	-10	-10	-10	-10	-10
0.0001776	0	0	0.000839187	1.782e-06	-10	-10	-10	-10	-10	-10	-10
0.0001778	0	0	0.000779485	1.23823e-06	-10	-10	-10	-10	-10	-10	-10
0.000178	0	0	0.00166882	4.7144e-06	-10	-10	-10	-10	-10	-10	-10
0.0001782	0	0	0.00112476	2.63939e-06	-10	-10	-10	-10	-10	-10	-10
0.0001784	0	0	0.000548646	1.36077e-06	-10	-10	-10	-10	-10	-10	-10
0.0001786	0	0	0.000442843	7.8464e-07	-10	-10	-10	-10	-10	-10	-10
0.0001788	0	0	0.000773565	9.34617e-07	-10	-10	-10	-10	-10	-10	-10
0.000179	0	0	0.000473282	1.5857e-06	-10	-10	-10	-10	-10	-10	-10
0.0001792	0	0	0.000822104	1.53027e-06	-10	-10	-10	-10	-10	-10	-10
0.0001794	0	0	0.000759273	2.56889e-06	-10	-10	-10	-10	-10	-10	-10
0.0001796	0	0	0.000901228	2.17535e-06	-10	-10	-10	-10	-10	-10	-10
0.0001798	0	0	0.000971028	8.53215e-07	-10	-10	-10	-10	-10	-10	-10
0.00018	0	0	0.000301679	4.73733e-07	-10	-10	-10	-10	-10	-10	-10
0.0001802	0	0	0.000245846	1.19765e-06	-10	-10	-10	-10	-10	-10	-10
0.0001804	0	0	0.000912593	2.66706e-06	-10	-10	-10	-10	-10	-10	-10
0.0001806	0	0	0.0001959	2.80641e-07	-10	-10	-10	-10	-10	-10	-10
0.0001808	0	0	0.000492514	8.51705e-07	-10	-10	-10	-10	-10	-10	-10
0.000181	0	0	0.00036041	4.10478e-07	-10	-10	-10	-10	-10	-10	-10
0.0001812	0	0	0.00063437	1.15174e-06	-10	-10	-10	-10	-10	-10	-10
0.0001814	0	0	0.00077841	3.11942e-06	-10	-10	-10	-10	-10	-10	-10
0.0001816	0	0	0.000318891	3.78847e-07	-10	-10	-10	-10	-10	-10	-10
0.0001818	0	0	0.000338613	4.2973e-07	-10	-10	-10	-10	-10	-10	-10
0.000182	0	0	0.000425363	3.64231e-07	-10	-10	-10	-10	-10	-10	-10
0.0001822	0	0	0.000429877	5.01992e-07	-10	-10	-10	-10	-10	-10	-10
0.0001824	0	0	0.000423209	3.13553e-07	-10	-10	-10	-10	-10	-10	-10
0.0001826	0	0	0.0004819	1.0649e-06	-10	-10	-10	-10	-10	-10	-10
0.0001828	0	0	0.000401168	5.02444e-07	-10	-10	-10	-10	-10	-10	-10
0.000183	0	0	0.000381128	3.62673e-07	-10	-10	-10	-10	-10	-10	-10
0.0001832	0	0	0.000615647	1.02001e-06	-10	-10	-10	-10	-10	-10	-10
0.0001834	0	0	0.000419608	4.89265e-07	-10	-10	-10	-10	-10	-10	-10
0.0001836	0	0	0.000541131	1.21358e-06	-10	-10	-10	-10	-10	-10	-10
0.0001838	0	0	0.000388612	9.82381e-07	-10	-10	-10	-10	-10	-10	-10
0.000184	0	0	0.000777602	9.31316e-07	-10	-10	-10	-10	-10	-10	-10
0.0001842	0	0	0.000514124	1.14527e-06	-10	-10	-10	-10	-10	-10	-10
0.0001844	0	0	0.000518968	8.82752e-07	-10	-10	-10	-10	-10	-10	-10
0.0001846	0	0	0.00060926	6.11397e-07	-10	-10	-10	-10	-10	-10	-10
0.0001848	0	0	0.000299662	3.90002e-07	-10	-10	-10	-10	-10	-10	-10
0.000185	0	0	0.000996348	2.75317e-06	-10	-10	-10	-10	-10	-10	-10
0.0001852	0	0	0.00066803	6.27821e-07	-10	-10	-10	-10	-10	-10	-10
0.0001854	0	0	0.000354817	3.64614e-07	-10	-10	-10	-10	-10	-10	-10
0.0001856	0	0	0.000433327	4.16546e-07	-10	-10	-10	-10	-10	-10	-10
0.0001858	0	0	0.00055848	6.42643e-07	-10	-10	-10	-10	-10	-10	-10
0.000186	0	0	0.000348989	5.07641e-07	-10	-10	-10	-10	-10	-10	-10
0.0001862	0	0	0.000684957	9.95607e-07	-10	-10	-10	-10	-10	-10	-10
0.0001864	0	0	0.000193697	2.78087e-07	-10	-10	-10	-10	-10	-10	-10
0.0001866	0	0	0.00209303	5.83762e-06	-10	-10	-10	-10	-10	-10	-10
0.0001868	0	0	0.000792849	1.79801e-06	-10	-10	-10	-10	-10	-10	-10
0.000187	0	0	0.000377175	4.10525e-07	-10	-10	-10	-10	-10	-10	-10
0.0001872	0	0	0.0004228	8.99221e-07	-10	-10	-10	-10	-10	-10	-10
0.0001874	0	0	0.000733706	1.73238e-06	-10	-10	-10	-10	-10	-10	-10
0.0001876	0	0	0.000924685	1.48786e-06	-10	-10	-10	-10	-10	-10	-10
0.0001878	0	0	0.00182698	3.11393e-06	-10	-10	-10	-10	-10	-10	-10
0.000188	0	0	0.000275883	4.81671e-07	-10	-10	-10	-10	-10	-10	-10
0.0001882	0	0	0.000906972	2.56382e-06	-10	-10	-10	-10	-10	-10	-10
0.0001884	0	0	0.000321714	4.75691e-07	-10	-10	-10	-10	-10	-10	-10
0.0001886	0	0	0.000649063	9.10357e-07	-10	-10	-10	-10	-10	-10	-10
0.0001888	0	0	0.00112814	4.18628e-06	-10	-10	-10	-10	-10	-10	-10
0.000189	0	0	0.000511301	6.67486e-07	-10	-10	-10	-10	-10	-10	-10
0.0001892	0	0	0.000973518	1.51669e-06	-10	-10	-10	-10	-10	-10	-10
0.0001894	0	0	0.000360318	4.42769e-07	-10	-10	-10	-10	-10	-10	-10
0.0001896	0	0	0.000944284	1.80732e-06	-10	-10	-10	-10	-10	-10	-10
0.0001898	0	0	0.001502	1.79795e-06	-10	-10	-10	-10	-10	-10	-10
0.00019	0	0	0.00107064	1.29717e-06	-10	-10	-10	-10	-10	-10	-10
0.0001902	0	0	0.000945066	1.24166e-06	-10	-10	-10	-10	-10	-10	-10
0.0001904	0	0	0.00117413	2.48855e-06	-10	-10	-10	-10	-10	-10	-10
0.0001906	0	0	0.00123744	5.02782e-06	-10	-10	-10	-10	-10	-10	-10
0.0001908	0	0	0.00088188	2.46092e-07	-10	-10	-10	-10	-10	-10	-10
0.000191	0	0	0.00196476	3.64755e-06	-10	-10	-10	-10	-10	-10	-10
0.0001912	0	0	0.00135521	2.00928e-06	-10	-10	-10	-10	-10	-10	-10
0.0001914	0	0	0.00116054	2.59131e-06	-10	-10	-10	-10	-10	-10	-10
0.0001916	0	0	0.000789036	6.13471e-07	-10	-10	-10	-10	-10	-10	-10
0.0001918	0	0	0.00127219	1.32458e-06	-10	-10	-10	-10	-10	-10	-10
0.000192	0	0	0.00128337	1.20016e-06	-10	-10	-10	-10	-10	-10	-10
0.0001922	0	0	0.00105089	7.92758e-07	-10	-10	-10	-10	-10	-10	-10
0.0001924	0	0	0.000897151	2.33382e-06	-10	-10	-10	-10	-10	-10	-10
0.0001926	0	0	0.00173534	5.04695e-06	-10	-10	-10	-10	-10	-10	-10
0.0001928	0	0	0.00147342	3.29672e-06	-10	-10	-10	-10	-10	-10	-10
0.000193	0	0	0.0014218	1.62522e-06	-10	-10	-10	-10	-10	-10	-10
0.0001932	0	0	0.00152612	1.87834e-06	-10	-10	-10	-10	-10	-10	-10
0.0001934	0	0	0.00140331	1.54906e-06	-10	-10	-10	-10	-10	-10	-10
0.0001936	0	0	0.00134139	1.39093e-06	-10	-10	-10	-10	-10	-10	-10
0.0001938	0	0	0.00110434	1.46947e-06	-10	-10	-10	-10	-10	-10	-10
0.000194	0	0	0.000980663	1.60018e-06	-10	-10	-10	-10	-10	-10	-10
0.0001942	0	0	0.000779624	1.90356e-06	-10	-10	-10	-10	-10	-10	-10
0.0001944	0	0	0.00148526	1.41425e-06	-10	-10	-10	-10	-10	-10	-10
0.0001946	0	0	0.00161556	1.66129e-06	-10	-10	-10	-10	-10	-10	-10
0.0001948	0	0	0.00226505	4.51239e-06	-10	-10	-10	-10	-10	-10	-10
0.000195	0	0	0.00195347	1.99835e-06	-10	-10	-10	-10	-10	-10	-10
0.0001952	0	0	0.000681391	8.76585e-07	-10	-10	-10	-10	-10	-10	-10
0.0001954	0	0	0.000548989	8.64185e-07	-10	-10	-10	-10	-10	-10	-10
0.0001956	0	0	0.00102847	6.6991e-07	-10	-10	-10	-10	-10	-10	-10
0.0001958	0	0	0.002423	2.47719e-06	-10	-10	-10	-10	-10	-10	-10
0.000196	0	0	0.00116153	1.71148e-06	-10	-10	-10	-10	-10	-10	-10
0.0001962	0	0	0.00122916	1.0441e-06	-10	-10	-10	-10	-10	-10	-10
0.0001964	0	0	0.00379903	3.85192e-06	-10	-10	-10	-10	-10	-10	-10
0.0001966	0	0	0.00340468	5.07216e-06	-10	-10	-10	-10	-10	-10	-10
0.0001968	0	0	0.00428808	3.77028e-06	-10	-10	-10	-10	-10	-10	-10
0.000197	0	0	0.00153794	1.95415e-06	-10	-10	-10	-10	-10	-10	-10
0.0001972	0	0	0.00221465	2.72553e-06	-10	-10	-10	-10	-10	-10	-10
0.0001974	0	0	0.00249776	4.21801e-06	-10	-10	-10	-10	-10	-10	-10
0.0001976	0	0	0.00303987	7.53056e-06	-10	-10	-10	-10	-10	-10	-10
0.0001978	0	0	0.00387232	4.8034e-06	-10	-10	-10	-10	-10	-10	-10
0.000198	0	0	0.00686855	7.95031e-06	-10	-10	-10	-10	-10	-10	-10
0.0001982	0	0	0.00589893	3.92103e-06	-10	-10	-10	-10	-10	-10	-10
0.0001984	0	0	0.00284202	2.23568e-06	-10	-10	-10	-10	-10	-10	-10
0.0001986	0	0	0.0018609	6.31231e-07	-10	-10	-10	-10	-10	-10	-10
0.0001988	0	0	0.0117215	2.89917e-06	-10	-10	-10	-10	-10	-10	-10
0.000199	0	0	0.00444446	2.79712e-06	-10	-10	-10	-10	-10	-10	-10
0.0001992	0	0	0.00137677	1.26771e-06	-10	-10	-10	-10	-10	-10	-10
0.0001994	0	0	0.00198805	2.07168e-06	-10	-10	-10	-10	-10	-10	-10
0.0001996	0	0	0.00228612	2.92179e-06	-10	-10	-10	-10	-10	-10	-10
0.0001998	0	0	0.00574016	4.99632e-06	-10	-10	-10	-10	-10	-10	-10
0.0002	0	0	0.00690614	4.42696e-06	-10	-10	-10	-10	-10	-10	-10
0.0002002	0	0	0.00585304	4.53881e-06	-10	-10	-10	-10	-10	-10	-10
0.0002004	0	0	0.010649	1.10768e-05	-10	-10	-10	-10	-10	-10	-10
0.0002006	0	0	0.00502307	3.96097e-06	-10	-10	-10	-10	-10	-10	-10
0.0002008	0	0	0.00650735	6.62345e-06	-10	-10	-10	-10	-10	-10	-10
0.000201	0	0	0.0089722	5.24937e-06	-10	-10	-10	-10	-10	-10	-10
0.0002012	0	0	0.00407275	3.33976e-06	-10	-10	-10	-10	-10	-10	-10
0.0002014	0	0	0.00562092	2.88745e-06	-10	-10	-10	-10	-10	-10	-10
0.0002016	0	0	0.0132547	7.84777e-06	-10	-10	-10	-10	-10	-10	-10
0.0002018	0	0	0.0128941	8.28696e-06	-10	-10	-10	-10	-10	-10	-10
0.000202	0	0	0.0168778	5.6857e-06	-10	-10	-10	-10	-10	-10	-10
0.0002022	0	0	0.00236875	2.66796e-06	-10	-10	-10	-10	-10	-10	-10
0.0002024	0	0	0.00886981	5.60858e-06	-10	-10	-10	-10	-10	-10	-10
0.0002026	0	0	0.0101063	4.45453e-06	-10	-10	-10	-10	-10	-10	-10
0.0002028	0	0	0.0084563	4.68158e-06	-10	-10	-10	-10	-10	-10	-10
0.000203	0	0	0.0240065	1.31128e-05	-10	-10	-10	-10	-10	-10	-10
0.0002032	0	0	0.000678622	7.29388e-07	-10	-10	-10	-10	-10	-10	-10
0.0002034	0	0	0.00214147	2.56959e-06	-10	-10	-10	-10	-10	-10	-10
0.0002036	0	0	0.0281775	9.30661e-06	-10	-10	-10	-10	-10	-10	-10
0.0002038	0	0	0.0170684	5.73102e-06	-10	-10	-10	-10	-10	-10	-10
0.000204	0	0	0.0527471	1.04196e-05	-10	-10	-10	-10	-10	-10	-10
0.0002042	0	0	0.0318682	1.01534e-05	-10	-10	-10	-10	-10	-10	-10
0.0002044	0	0	0.00639448	7.64074e-06	-10	-10	-10	-10	-10	-10	-10
0.0002046	0	0	0.00727777	5.52227e-06	-10	-10	-10	-10	-10	-10	-10
0.0002048	0	0	0.0388302	1.04205e-05	-10	-10	-10	-10	-10	-10	-10
0.000205	0	0	0.0328319	9.17843e-06	-10	-10	-10	-10	-10	-10	-10
0.0002052	0	0	0.00648239	6.23672e-06	-10	-10	-10	-10	-10	-10	-10
0.0002054	0	0	0.031299	1.04844e-05	-10	-10	-10	-10	-10	-10	-10
0.0002056	0	0	0.0540644	1.16328e-05	-10	-10	-10	-10	-10	-10	-10
0.0002058	0	0	0.0225723	9.60416e-06	-10	-10	-10	-10	-10	-10	-10
0.000206	0	0	0.0725559	1.17752e-05	-10	-10	-10	-10	-10	-10	-10
0.0002062	0	0	0.0555511	1.38388e-05	-10	-10	-10	-10	-10	-10	-10
0.0002064	0	0	0.0148664	6.92988e-06	-10	-10	-10	-10	-10	-10	-10
0.0002066	0	0	0.0952149	1.36847e-05	-10	-10	-10	-10	-10	-10	-10
0.0002068	0	0	0.0919616	1.38162e-05	-10	-10	-10	-10	-10	-10	-10
0.000207	0	0	0.0701639	1.39239e-05	-10	-10	-10	-10	-10	-10	-10
0.0002072	0	0	0.0837978	1.52917e-05	-10	-10	-10	-10	-10	-10	-10
0.0002074	0	0	0.109931	1.76842e-05	-10	-10	-10	-10	-10	-10	-10
0.0002076	0	0	0.13021	1.58194e-05	-10	-10	-10	-10	-10	-10	-10
0.0002078	0	0	0.107834	1.28189e-05	-10	-10	-10	-10	-10	-10	-10
0.000208	0	0	0.0560815	1.33639e-05	-10	-10	-10	-10	-10	-10	-10
0.0002082	0	0	0.0597226	1.48793e-05	-10	-10	-10	-10	-10	-10	-10
0.0002084	0	0	0.0229632	1.07065e-05	-10	-10	-10	-10	-10	-10	-10
0.0002086	0	0	0.143185	1.74199e-05	-10	-10	-10	-10	-10	-10	-10
0.0002088	0	0	0.0481274	1.65142e-05	-10	-10	-10	-10	-10	-10	-10
0.000209	0	0	0.198591	2.09981e-05	-10	-10	-10	-10	-10	-10	-10
0.0002092	0	0	0.166191	2.5625e-05	-10	-10	-10	-10	-10	-10	-10
0.0002094	0	0	0.272986	3.05385e-05	-10	-10	-10	-10	-10	-10	-10
0.0002096	0	0	0.248169	2.59689e-05	-10	-10	-10	-10	-10	-10	-10
0.0002098	0	0	0.261983	2.75445e-05	-10	-10	-10	-10	-10	-10	-10
0.00021	0	0	0.13123	3.02545e-05	-10	-10	-10	-10	-10	-10	-10
0.0002102	0	0	0.408756	3.19514e-05	-10	-10	-10	-10	-10	-10	-10
0.0002104	0	0	0.269193	3.43397e-05	-10	-10	-10	-10	-10	-10	-10
0.0002106	0	0	0.27031	5.63569e-05	-10	-10	-10	-10	-10	-10	-10
0.0002108	0	3.6812	4.50758e+06	23.1275	0.0611433	0.0695298	0.0268645	0.597571	-0.0100046	0.803089	0
0.000211	0	3.4076	5.34528e+06	30.8676	0.0374577	0.289544	0.00445384	0.887467	0.0544988	0.133181	0
0.0002112	0	3.056	6.47235e+06	41.713	-0.00683634	0.862279	0.0037607	0.903184	0.0338818	0.628044	0
0.0002114	0	2.8256	7.44362e+06	53.8231	0	0	0	0	0	0	0
0.0002116	0	2.8164	7.80563e+06	57.5839	0	0	0	0	0	0	0
0.0002118	0	2.8256	7.93092e+06	59.4605	0	0	0	0	0	0	0
0.000212	0	2.8372	7.88292e+06	60.6863	0	0	0	0	0	0	0
0.0002122	0	2.8484	8.07826e+06	61.5906	0	0	0	0	0	0	0
0.0002124	0	2.8592	8.07496e+06	62.3055	0	0	0	0	0	0	0
0.0002126	0	2.8696	8.13134e+06	62.896	0	0	0	0	0	0	0
0.0002128	0	2.8796	8.23024e+06	63.3991	0	0	0	0	0	0	0
0.000213	0	2.8888	8.14624e+06	63.8374	0	0	0	0	0	0	0
0.0002132	0	2.898	8.30533e+06	64.2259	0	0	0	0	0	0	0
0.0002134	0	2.9064	8.28493e+06	64.575	0	0	0	0	0	0	0
0.0002136	0	2.9148	8.38122e+06	64.892	0	0	0	0	0	0	0
0.0002138	0	2.9228	8.36932e+06	65.1827	0	0	0	0	0	0	0
0.000214	0	2.9304	8.42458e+06	65.4512	0	0	0	0	0	0	0
0.0002142	0	2.9376	8.45953e+06	65.7009	0	0	0	0	0	0	0
0.0002144	0	2.9448	8.5128e+06	65.9342	0	0	0	0	0	0	0
0.0002146	0	2.9516	8.49056e+06	66.1534	0	0	0	0	0	0	0
0.0002148	0	2.9584	8.57055e+06	66.3602	0	0	0	0	0	0	0
0.000215	0	2.9648	8.51819e+06	66.556	0	0	0	0	0	0	0
0.0002152	0	2.9712	8.59842e+06	66.742	0	0	0	0	0	0	0
0.0002154	0	2.9776	8.60481e+06	66.9193	0	0	0	0	0	0	0
0.0002156	0	2.9836	8.65344e+06	67.0886	0	0	0	0	0	0	0
0.0002158	0	2.9892	8.59167e+06	67.2507	0	0	0	0	0	0	0
0.000216	0	2.9952	8.72078e+06	67.4064	0	0	0	0	0	0	0
0.0002162	0	3.0008	8.75285e+06	67.556	0	0	0	0	0	0	0
0.0002164	0	3.0064	8.69143e+06	67.7002	0	0	0	0	0	0	0
0.0002166	0	3.0116	8.81584e+06	67.8394	0	0	0	0	0	0	0
0.0002168	0	3.0168	8.81934e+06	67.9739	0	0	0	0	0	0	0
0.000217	0	3.022	8.86016e+06	68.104	0	0	0	0	0	0	0
0.0002172	0	3.0272	8.84483e+06	68.2302	0	0	0	0	0	0	0
0.0002174	0	3.032	8.90211e+06	68.3527	0	0	0	0	0	0	0
0.0002176	0	3.0368	8.88213e+06	68.4716	0	0	0	0	0	0	0
0.0002178	0	3.0416	8.92216e+06	68.5873	0	0	0	0	0	0	0
0.000218	0	3.0464	8.98044e+06	68.6999	0	0	0	0	0	0	0
0.0002182	0	3.0512	8.86652e+06	68.8097	0	0	0	0	0	0	0
0.0002184	0	3.0556	9.01105e+06	68.9167	0	0	0	0	0	0	0
0.0002186	0	3.06	9.04912e+06	69.0212	0	0	0	0	0	0	0
0.0002188	0	3.0644	9.06879e+06	69.1232	0	0	0	0	0	0	0
0.000219	0	3.0688	9.0477e+06	69.223	0	0	0	0	0	0	0
0.0002192	0	3.0728	9.05252e+06	69.3206	0	0	0	0	0	0	0
0.0002194	0	3.0772	9.10204e+06	69.4161	0	0	0	0	0	0	0
0.0002196	0	3.0812	9.15556e+06	69.5096	0	0	0	0	0	0	0
0.0002198	0	3.0852	9.1638e+06	69.6014	0	0	0	0	0	0	0
0.00022	0	3.0892	9.1912e+06	69.6913	0	0	0	0	0	0	0
0.0002202	0	3.0932	9.22075e+06	69.7795	0	0	0	0	0	0	0
0.0002204	0	3.0972	9.15226e+06	69.8661	0	0	0	0	0	0	0
0.0002206	0	3.1008	9.24751e+06	69.9512	0	0	0	0	0	0	0
0.0002208	0	3.1048	9.15754e+06	70.0347	0	0	0	0	0	0	0
0.000221	0	3.1084	9.2806e+06	70.1169	0	0	0	0	0	0	0
0.0002212	0	3.112	9.32148e+06	70.1977	0	0	0	0	0	0	0
0.0002214	0	3.1156	9.33989e+06	70.2772	0	0	0	0	0	0	0
0.0002216	0	3.1192	9.34529e+06	70.3554	0	0	0	0	0	0	0
0.0002218	0	3.1228	9.28224e+06	70.4324	0	0	0	0	0	0	0
0.000222	0	3.126	9.36688e+06	70.5082	0	0	0	0	0	0	0
0.0002222	0	3.1296	9.39032e+06	70.5829	0	0	0	0	0	0	0
0.0002224	0	3.1328	9.4224e+06	70.6566	0	0	0	0	0	0	0
0.0002226	0	3.136	9.31397e+06	70.7292	0	0	0	0	0	0	0
0.0002228	0	3.1396	9.41772e+06	70.8008	0	0	0	0	0	0	0
0.000223	0	3.1428	9.46672e+06	70.8714	0	0	0	0	0	0	0
0.0002232	0	3.146	9.48282e+06	70.9411	0	0	0	0	0	0	0
0.0002234	0	3.1492	9.45866e+06	71.0098	0	0	0	0	0	0	0
0.0002236	0	3.152	9.44315e+06	71.0777	0	0	0	0	0	0	0
0.0002238	0	3.1552	9.56675e+06	71.1448	0	0	0	0	0	0	0
0.000224	0	3.1584	9.53765e+06	71.211	0	0	0	0	0	0	0
0.0002242	0	3.1612	9.58803e+06	71.2764	0	0	0	0	0	0	0
0.0002244	0	3.1644	9.52864e+06	71.341	0	0	0	0	0	0	0
0.0002246	0	3.1672	9.64453e+06	71.4049	0	0	0	0	0	0	0
0.0002248	0	3.17	9.6579e+06	71.468	0	0	0	0	0	0	0
0.000225	0	3.1728	9.64536e+06	71.5305	0	0	0	0	0	0	0
0.0002252	0	3.1756	9.64411e+06	71.5922	0	0	0	0	0	0	0
0.0002254	0	3.1784	9.67899e+06	71.6533	0	0	0	0	0	0	0
0.0002256	0	3.1812	9.72798e+06	71.7137	0	0	0	0	0	0	0
0.0002258	0	3.184	9.75597e+06	71.7735	0	0	0	0	0	0	0
0.000226	0	3.1868	9.69304e+06	71.8327	0	0	0	0	0	0	0
0.0002262	0	3.1892	9.74843e+06	71.8913	0	0	0	0	0	0	0
0.0002264	0	3.192	9.79248e+06	71.9493	0	0	0	0	0	0	0
0.0002266	0	3.1944	9.77405e+06	72.0067	0	0	0	0	0	0	0
0.0002268	0	3.1972	9.78551e+06	72.0635	0	0	0	0	0	0	0
0.000227	0	3.1996	9.86664e+06	72.1199	0	0	0	0	0	0	0
0.0002272	0	3.202	9.84013e+06	72.1756	0	0	0	0	0	0	0
0.0002274	0	3.2044	9.77972e+06	72.2309	0	0	0	0	0	0	0
0.0002276	0	3.2072	9.77422e+06	72.2857	0	0	0	0	0	0	0
0.0002278	0	3.2096	9.80833e+06	72.34	0	0	0	0	0	0	0
0.000228	0	3.212	9.79807e+06	72.3937	0	0	0	0	0	0	0
0.0002282	0	3.214	9.86845e+06	72.4471	0	0	0	0	0	0	0
0.0002284	0	3.2164	9.95672e+06	72.4999	0	0	0	0	0	0	0
0.0002286	0	3.2188	1.00038e+07	72.5523	0	0	0	0	0	0	0
0.0002288	0	3.2212	9.93753e+06	72.6043	0	0	0	0	0	0	0
0.000229	0	3.2232	9.99568e+06	72.6558	0	0	0	0	0	0	0
0.0002292	0	3.2256	1.00316e+07	72.7069	0	0	0	0	0	0	0
0.0002294	0	3.2276	1.00176e+07	72.7577	0	0	0	0	0	0	0
0.0002296	0	3.23	1.00347e+07	72.808	0	0	0	0	0	0	0
0.0002298	0	3.232	1.01041e+07	72.8579	0	0	0	0	0	0	0
0.00023	0	3.234	1.00403e+07	72.9074	0	0	0	0	0	0	0
0.0002302	0	3.2364	1.00262e+07	72.9565	0	0	0	0	0	0	0
0.0002304	0	3.2384	1.01175e+07	73.0053	0	0	0	0	0	0	0
0.0002306	0	3.2404	1.01621e+07	73.0537	0	0	0	0	0	0	0
0.0002308	0	3.2424	1.01855e+07	73.1017	0	0	0	0	0	0	0
0.000231	0	3.2444	1.01999e+07	73.1494	0	0	0	0	0	0	0
0.0002312	0	3.2464	1.02029e+07	73.1968	0	0	0	0	0	0	0
0.0002314	0	3.2484	1.01777e+07	73.2438	0	0	0	0	0	0	0
0.0002316	0	3.2504	1.00941e+07	73.2905	0	0	0	0	0	0	0
0.0002318	0	3.252	1.02277e+07	73.3368	0	0	0	0	0	0	0
0.000232	0	3.254	1.02889e+07	73.3828	0	0	0	0	0	0	0
0.0002322	0	3.256	1.01974e+07	73.4286	0	0	0	0	0	0	0
0.0002324	0	3.2576	1.02996e+07	73.474	0	0	0	0	0	0	0
0.0002326	0	3.2596	1.02847e+07	73.5191	0	0	0	0	0	0	0
0.0002328	0	3.2612	1.03307e+07	73.5639	0	0	0	0	0	0	0
0.000233	0	3.2632	1.02689e+07	73.6084	0	0	0	0	0	0	0
0.0002332	0	3.2648	1.03863e+07	73.6527	0	0	0	0	0	0	0
0.0002334	0	3.2664	1.03444e+07	73.6966	0	0	0	0	0	0	0
0.0002336	0	3.2684	1.0284e+07	73.7403	0	0	0	0	0	0	0
0.0002338	0	3.27	1.03984e+07	73.7837	0	0	0	0	0	0	0
0.000234	0	3.2716	1.04498e+07	73.8268	0	0	0	0	0	0	0
0.0002342	0	3.2732	1.04701e+07	73.8697	0	0	0	0	0	0	0
0.0002344	0	3.2748	1.04808e+07	73.9123	0	0	0	0	0	0	0
0.0002346	0	3.2764	1.04962e+07	73.9547	0	0	0	0	0	0	0
0.0002348	0	3.278	1.05167e+07	73.9968	0	0	0	0	0	0	0
0.000235	0	3.2796	1.05313e+07	74.0386	0	0	0	0	0	0	0
0.0002352	0	3.2812	1.05163e+07	74.0802	0.407223	0.048921	0.397135	0.0561938	-0.000305701	0.99354	0.407223
0.0002354	0	3.2828	1.04479e+07	74.1216	0	0	0	0	0	0	0
0.0002356	0	3.284	1.04987e+07	74.1627	0	0	0	0	0	0	0
0.0002358	0	3.2856	1.05954e+07	74.2036	0	0	0	0	0	0	0
0.000236	0	3.2872	1.05539e+07	74.2443	-0.0666466	0.0523538	-0.344662	0.0666756	-0.112173	0.0411416	-0.112173
0.0002362	0	3.2884	1.0559e+07	74.2848	0	0	0	0	0	0	0
0.0002364	0	3.29	1.06349e+07	74.325	0	0	0	0	0	0	0
0.0002366	0	3.2912	1.05528e+07	74.365	1.44924	0.0450721	1.43981	0.0336848	1.00532	0.17464	1.44453
0.0002368	0	3.2928	1.06648e+07	74.4048	0.0460316	0.0891939	0.0322584	0.0611802	0.0318934	0.162056	0
0.000237	0	3.294	1.06359e+07	74.4444	0	0	0	0	0	0	0
0.0002372	0	3.2956	1.06248e+07	74.4837	0	0	0	0	0	0	0
0.0002374	0	3.2968	1.07231e+07	74.5229	-0.433411	0.0757583	-0.374419	0.0886878	-0.00355276	0.968066	0
0.0002376	0	3.298	1.06861e+07	74.5618	0.498403	0.0161383	0.133832	0.634837	0.0788077	0.312006	0.498403
0.0002378	0	3.2996	1.05878e+07	74.6006	0.0355752	0.226136	-0.354922	0.219915	0.28981	0.12682	0
0.000238	0	3.3008	1.07098e+07	74.6391	0	0	0	0	0	0	0
0.0002382	0	3.302	1.07718e+07	74.6775	0.00642823	0.664333	-0.412164	0.0578773	-0.0711844	0.209857	0
0.0002384	0	3.3032	1.08015e+07	74.7157	-0.199759	0.585342	0.0110325	0.811652	-1.02951e-05	0.999261	0
0.0002386	0	3.3044	1.08165e+07	74.7536	0.112563	0.597431	-0.497838	0.0347383	0.0596373	0.172589	-0.497838
0.0002388	0	3.3056	1.08324e+07	74.7914	0	0	0	0	0	0	0
0.000239	0	3.3068	1.08498e+07	74.829	-0.133931	0.174764	-0.331992	0.0299736	0.0581441	0.396356	-0.331992
0.0002392	0	3.308	1.08618e+07	74.8664	-0.016337	0.685405	-0.162442	0.644935	-0.0315959	0.871312	0
0.0002394	0	3.3092	1.08586e+07	74.9037	0.0528728	0.0973285	0.00131721	0.897347	0.0323906	0.259318	0
0.0002396	0	3.3104	1.08157e+07	74.9407	0.0596113	0.0501727	0.0432917	0.0218912	0.0348927	0.235005	0.0432917
0.0002398	0	3.3112	1.07575e+07	74.9776	0	0	0	0	0	0	0
0.00024	0	3.3124	1.08929e+07	75.0143	0.222409	0.212408	0.00536137	0.851532	-0.0934339	0.221148	0
0.0002402	0	3.3136	1.09387e+07	75.0508	0.0550148	0.0166908	-0.00333141	0.918758	-0.06749	0.154074	0.0550148
0.0002404	0	3.3148	1.08484e+07	75.0872	-0.124906	0.0171221	-0.0154318	0.582709	0.00808552	0.691026	-0.124906
0.0002406	0	3.3156	1.09284e+07	75.1234	-0.104355	0.496553	-0.139012	0.190921	0.0236872	0.645863	0
0.0002408	0	3.3168	1.09677e+07	75.1594	0	0	0	0	0	0	0
0.000241	0	3.3176	1.09007e+07	75.1953	-0.800965	0.0590891	0.0242756	0.725991	-0.0411439	0.288904	0
0.0002412	0	3.3188	1.10102e+07	75.231	-0.0358475	0.265612	-0.0121494	0.618652	-0.00964909	0.399562	0
0.0002414	0	3.3196	1.09452e+07	75.2665	0.3656	0.0726472	0.0846945	0.839978	0.35014	0.250089	0
0.0002416	0	3.3208	1.10143e+07	75.3019	-0.0525611	0.868107	0.139885	0.264396	-0.0247446	0.788037	0
0.0002418	0	3.3216	1.10464e+07	75.3371	-0.0905693	0.392354	0.736322	0.0533031	-0.724679	0.0724304	0
0.000242	0	3.3228	1.09042e+07	75.3722	0.197102	0.212374	-0.0935466	0.490869	-0.12298	0.322637	0
0.0002422	0	3.3236	1.10703e+07	75.4071	-0.367943	0.0549861	0.0641756	0.130736	0.00211647	0.967797	0
0.0002424	0	3.3244	1.11067e+07	75.4419	-0.0105118	0.590526	-0.0383094	0.173442	-0.062782	0.362529	0
0.0002426	0	3.3252	1.10619e+07	75.4765	-0.000132437	0.999659	-0.000352397	0.997556	-0.0207759	0.443594	0
0.0002428	0	3.326	1.09717e+07	75.511	0.0398543	0.301835	0.0378695	0.402183	0.0446308	0.22554	0
0.000243	0	3.3272	1.10569e+07	75.5453	-0.145131	0.0830529	-0.0145284	0.816567	0.0459229	0.314118	0
0.0002432	0	3.328	1.11213e+07	75.5795	0.00144213	0.995611	-0.039241	0.933695	0.0438556	0.921627	0
0.0002434	0	3.3288	1.11606e+07	75.6136	0.0527608	0.465615	-0.525367	0.351551	0.535635	0.23106	0
0.0002436	0	3.3296	1.11831e+07	75.6475	0.397448	0.053489	0.0356449	0.0535439	0.00113618	0.974539	0
0.0002438	0	3.3304	1.11951e+07	75.6812	-0.0438734	0.18566	0.020056	0.495692	-0.018099	0.85983	0
0.000244	0	3.3312	1.11953e+07	75.7149	-0.0190869	0.225293	-0.0263072	0.063484	-0.151506	0.0674764	0
0.0002442	0	3.332	1.11721e+07	75.7484	-0.315801	0.0516797	-0.0944358	0.362151	-0.0390753	0.271094	0
0.0002444	0	3.3328	1.11156e+07	75.7817	-0.0873575	0.292567	6.8408e-05	0.998212	-0.0370909	0.0243128	-0.0370909
0.0002446	0	3.3332	1.11723e+07	75.8149	0.00448333	0.889718	0.00293808	0.990228	0.443572	0.0608552	0
0.0002448	0	3.334	1.12726e+07	75.848	0.316694	0.559209	-0.0499408	0.36131	0.136606	0.804212	0
0.000245	0	3.3348	1.13073e+07	75.881	0.41301	0.0696742	-0.173508	0.484802	-0.171065	0.00541978	-0.171065
0.0002452	0	3.3356	1.12362e+07	75.9138	0.375005	0.056588	0.162705	0.58454	0.0451845	0.534624	0
0.0002454	0	3.336	1.12554e+07	75.9465	0.60839	0.020955	0.598689	0.0333785	0.454115	0.0233377	0.553731
0.0002456	0	3.3368	1.13561e+07	75.9791	-0.0338917	0.281402	0.756697	0.0623572	0.527154	0.0848258	0
0.0002458	0	3.3376	1.12462e+07	76.0115	0.0121283	0.954551	-0.34746	0.0648019	0.00294994	0.975749	0
0.000246	0	3.338	1.13673e+07	76.0439	-0.0866613	0.380856	0.783829	0.0683046	0.874957	0.0362591	0.874957
0.0002462	0	3.3388	1.13336e+07	76.0761	0.307899	0.0584577	0.31268	0.0286978	0.184136	0.113196	0.31268
0.0002464	0	3.3392	1.13883e+07	76.1082	-0.206915	0.221592	-0.545127	0.20731	-0.537581	0.191354	0
0.0002466	0	3.34	1.13421e+07	76.1401	0.000948725	0.942878	0.424778	0.0568193	0.893521	0.0240629	0.893521
0.0002468	0	3.3404	1.14443e+07	76.172	-0.031131	0.21932	-0.0441721	0.162686	0.0438899	0.0327995	0.0438899
0.000247	0	3.3408	1.13031e+07	76.2037	-0.413665	0.0755227	0.02715	0.348118	-0.006245	0.797325	0
0.0002472	0	3.3416	1.14516e+07	76.2353	-0.0493843	0.382763	-0.00318927	0.962777	-0.0012875	0.955254	0
0.0002474	0	3.342	1.14828e+07	76.2668	-0.191905	0.570154	0.0338991	0.28762	0.0834475	0.248733	0
0.0002476	0	3.3424	1.1389e+07	76.2982	-0.0565292	0.0853066	-0.0463462	0.146726	0.0169183	0.729985	0
0.0002478	0	3.3432	1.14249e+07	76.3294	0.107315	0.679606	0.508194	0.0164797	0.917466	0.0334918	0.71283
0.000248	0	3.3436	1.15203e+07	76.3606	0.00284984	0.902255	-0.00263459	0.889752	-0.0522803	0.460568	0
0.0002482	0	3.344	1.15548e+07	76.3916	0.0341391	0.871873	-0.737614	0.0812172	-0.3261	0.0776072	0
0.0002484	0	3.3444	1.1554e+07	76.4226	0.0534275	0.867694	0.635346	0.0561396	-0.335877	0.356223	0
0.0002486	0	3.3448	1.15432e+07	76.4534	0.290394	0.0509874	-0.0704233	0.628642	-0.476783	0.201136	0
0.0002488	0	3.3452	1.15341e+07	76.4841	0.000602909	0.975643	0.0370193	0.516968	0.0147694	0.582206	0
0.000249	0	3.3456	1.15379e+07	76.5147	-0.0866239	0.00985059	-0.0944713	0.0682171	-0.0936242	0.290401	-0.0866239
0.0002492	0	3.346	1.15582e+07	76.5452	0.602366	0.0947236	0.0659118	0.0839703	0.0166841	0.754923	0
0.0002494	0	3.3464	1.15927e+07	76.5756	0.0911138	0.0937602	0.021924	0.656864	-0.052971	0.220421	0
0.0002496	0	3.3468	1.16386e+07	76.6059	0.0241462	0.262717	0.493466	0.055601	-0.148238	0.0137877	-0.148238
0.0002498	0	3.3472	1.16743e+07	76.6361	0.58397	0.0225562	0.604352	0.0247198	0.264946	0.615209	0.594161
0.00025	0	3.3476	1.16861e+07	76.6662	0.0331827	0.159833	0.0263651	0.196612	0.034593	0.533558	0
0.0002502	0	3.348	1.16468e+07	76.6961	0.00629846	0.827853	-0.0109625	0.853284	0.0672296	0.257874	0
0.0002504	0	3.348	1.15337e+07	76.726	0.0385586	0.167679	-0.03452	0.190558	-0.123039	0.488365	0
0.0002506	0	3.3484	1.16955e+07	76.7558	-0.0216761	0.329297	-0.0421604	0.372585	0.0282517	0.310736	0
0.0002508	0	3.3488	1.17521e+07	76.7855	0.525794	0.0544946	-0.0125472	0.218636	-0.0161873	0.783844	0
0.000251	0	3.3492	1.16541e+07	76.8151	0.026084	0.550949	0.0300478	0.382977	-0.0154341	0.501097	0
0.0002512	0	3.3492	1.17362e+07	76.8446	-0.0271341	0.115732	-0.037949	0.211979	-0.577506	0.199404	0
0.0002514	0	3.3496	1.17832e+07	76.874	0.247491	0.66751	-0.067657	0.0638612	-0.036185	0.0178001	-0.036185
0.0002516	0	3.3496	1.16791e+07	76.9033	-0.0781903	0.277939	0.0609229	0.57765	-0.0171954	0.90084	0
0.0002518	0	3.35	1.18275e+07	76.9325	-0.374499	0.289849	-0.898252	0.0555633	0.0401102	0.829383	0
0.000252	0	3.35	1.16884e+07	76.9616	0.262546	0.219711	0.290321	0.588067	0.303575	0.501502	0
0.0002522	0	3.3504	1.18559e+07	76.9906	0.141415	0.1279	0.240762	0.0428363	-0.114515	0.291581	0.240762
0.0002524	0	3.3504	1.17881e+07	77.0195	0.812927	0.0753883	-0.0843844	0.17902	-0.627269	0.0506092	0
0.0002526	0	3.3508	1.18367e+07	77.0483	-0.977695	0.0279878	-0.10781	0.247749	-0.00477776	0.946276	-0.977695
0.0002528	0	3.3508	1.19006e+07	77.0771	0.289972	0.163274	0.537567	0.0582321	-0.023225	0.665444	0
0.000253	0	3.3508	1.17858e+07	77.1057	-0.501954	0.0712525	-0.00225791	0.99465	-0.0269915	0.186552	0
0.0002532	0	3.3512	1.18719e+07	77.1343	-0.000176046	0.995089	-0.0212377	0.591853	-0.0294271	0.226934	0
0.0002534	0	3.3512	1.19527e+07	77.1628	0.254637	0.19691	-0.0310052	0.0714035	-0.0246448	0.542084	0
0.0002536	0	3.3512	1.19412e+07	77.1912	-0.0472282	0.912237	0.0281906	0.951858	0.100345	0.113181	0
0.0002538	0	3.3512	1.18732e+07	77.2195	0.329169	0.181074	0.703164	0.0501144	-0.00129418	0.973874	0
0.000254	0	3.3516	1.18254e+07	77.2477	0.0335472	0.0174109	-0.00864156	0.550669	-0.0575056	0.156694	0.0335472
0.0002542	0	3.3516	1.19176e+07	77.2758	0.0317648	0.0346326	0.0409903	0.12902	0.0102336	0.857688	0.0317648
0.0002544	0	3.3516	1.19743e+07	77.3039	0.525653	0.0532532	0.00614289	0.177299	0.111834	0.164116	0
0.0002546	0	3.3516	1.20091e+07	77.3318	-0.021263	0.40148	-0.0591398	0.134928	-0.027533	0.260692	0
0.0002548	0	3.3516	1.20301e+07	77.3597	0.0281206	0.343195	0.0186312	0.449908	0.0788252	0.0451794	0.0788252
0.000255	0	3.3516	1.20401e+07	77.3875	-0.0250904	0.161832	-0.0545263	0.279721	0.122726	0.647446	0
0.0002552	0	3.3516	1.20364e+07	77.4152	-0.00452553	0.837297	0.315682	0.168874	-0.100918	0.382238	0
0.0002554	0	3.3516	1.20109e+07	77.4428	-0.0192453	0.058039	-0.190354	0.641534	-0.0172096	0.297	0
0.0002556	0	3.3516	1.195e+07	77.4704	0.0182261	0.414796	-0.480586	0.0765541	0.0336069	0.472374	0
0.0002558	0	3.3512	1.20219e+07	77.4979	-0.0188141	0.392857	-0.0225599	0.185926	-0.079523	0.478431	0
0.000256	0	3.3512	1.21229e+07	77.5252	-0.0563479	0.0380264	0.331618	0.061896	0.0173918	0.299343	-0.0563479
0.0002562	0	3.3512	1.21685e+07	77.5525	-0.473214	0.210301	-0.723254	0.0584992	-0.435744	0.0482361	-0.435744
0.0002564	0	3.3512	1.21227e+07	77.5798	-0.0101984	0.770466	-0.0259572	0.465583	-0.00611941	0.883478	0
0.0002566	0	3.3508	1.2049e+07	77.6069	0.210524	0.596717	0.269789	0.60511	0.293664	0.0136482	0.293664
0.0002568	0	3.3508	1.2205e+07	77.634	-0.470675	0.0596321	0.00131958	0.991832	-0.385548	0.216313	0
0.000257	0	3.3508	1.21832e+07	77.661	-0.33709	0.269979	0.00689631	0.800493	0.0122849	0.777937	0
0.0002572	0	3.3504	1.21387e+07	77.6879	-0.487619	0.218864	-0.558631	0.0940495	-0.298618	0.202699	0
0.0002574	0	3.3504	1.22598e+07	77.7148	0.165263	0.0947254	-0.323955	0.499122	0.3523	0.0612026	0
0.0002576	0	3.35	1.20842e+07	77.7415	-0.789203	0.152397	-0.0416547	0.795	0.0607071	0.105781	0
0.0002578	0	3.35	1.2291e+07	77.7682	-0.208278	0.718219	0.27411	0.0896783	0.103091	0.242204	0
0.000258	0	3.3496	1.21268e+07	77.7949	0.028266	0.861093	-0.64873	0.288855	-0.685844	0.0852518	0
0.0002582	0	3.3496	1.23177e+07	77.8214	-0.0783262	0.0197428	-0.0578314	0.545283	0.041002	0.277872	-0.0783262
0.0002584	0	3.3492	1.22543e+07	77.8479	-0.0437131	0.301004	0.334672	0.259702	0.105413	0.191723	0
0.0002586	0	3.3492	1.22803e+07	77.8743	-0.0223512	0.648573	-0.00902218	0.655665	-0.0106426	0.820919	0
0.0002588	0	3.3488	1.23693e+07	77.9006	-0.237737	0.452648	0.510591	0.0467989	-0.137925	0.0775915	0.510591
0.000259	0	3.3484	1.22894e+07	77.9269	-0.364645	0.224674	-0.468737	0.0522692	0.0318573	0.224413	0
0.0002592	0	3.3484	1.22805e+07	77.9531	0.453159	0.0668475	0.0113538	0.485944	-0.083344	0.127094	0
0.0002594	0	3.348	1.23993e+07	77.9792	-0.0183634	0.0604147	-0.00768425	0.730346	-0.0621297	0.105653	0
0.0002596	0	3.3476	1.24291e+07	78.0053	-0.145111	0.702749	0.0344032	0.375117	0.014672	0.298974	0
0.0002598	0	3.3472	1.24027e+07	78.0312	0.416252	0.121481	-0.0648086	0.0666386	-0.018028	0.160309	0
0.00026	0	3.3468	1.23513e+07	78.0571	-0.00558587	0.724857	0.00422512	0.569978	0.272899	0.20205	0
0.0002602	0	3.3464	1.22933e+07	78.083	-0.0544944	0.0311657	0.00778229	0.66717	0.0149488	0.605191	-0.0544944
0.0002604	0	3.3464	1.23242e+07	78.1088	-0.00768138	0.79408	0.534543	0.0809113	0.0424846	0.00347957	0.0424846
0.0002606	0	3.346	1.23667e+07	78.1345	-0.602073	0.0711572	-0.578735	0.0508605	-0.150427	0.179747	0
0.0002608	0	3.3456	1.23832e+07	78.1601	-0.0701191	0.00132868	-0.621236	0.0700882	-0.0928104	0.28956	-0.0701191
0.000261	0	3.3452	1.23769e+07	78.1857	-0.11565	0.0965733	-0.867859	0.0526732	-0.0427403	0.611208	0
0.0002612	0	3.3444	1.23616e+07	78.2112	0.757933	0.0744624	0.0537916	0.942031	0.0539099	0.946021	0
0.0002614	0	3.344	1.24501e+07	78.2366	0.00723735	0.96991	-0.0161358	0.084885	0.0267304	0.83406	0
0.0002616	0	3.3436	1.25362e+07	78.262	0.0463962	0.0552308	0.00495573	0.822657	-0.028021	0.401036	0
0.0002618	0	3.3432	1.26e+07	78.2873	-0.0304192	0.220946	0.432872	0.0690421	-0.00746084	0.957845	0
0.000262	0	3.3428	1.26073e+07	78.3126	-0.577356	0.0757968	0.0401882	0.150665	0.047479	0.720648	0
0.0002622	0	3.3424	1.25326e+07	78.3378	0.382297	0.199491	0.529455	0.0587828	-0.258647	0.0718383	0
0.0002624	0	3.3416	1.25354e+07	78.3629	0.427043	0.209152	-0.0185387	0.499783	0.147649	0.632894	0
0.0002626	0	3.3412	1.26647e+07	78.3879	0.00431791	0.922606	-0.0511493	0.0186625	0.60656	0.0234934	0.277705
0.0002628	0	3.3408	1.26238e+07	78.4129	-0.0125512	0.588897	-0.0292042	0.316569	0.0162434	0.55085	0
0.000263	0	3.34	1.25932e+07	78.4379	0.466977	0.0848124	-0.520816	0.0749052	0.101382	0.0119133	0.101382
0.0002632	0	3.3396	1.27155e+07	78.4627	-0.464123	0.0715382	-0.0164838	0.218432	-0.0794695	0.234903	0
0.0002634	0	3.3392	1.253e+07	78.4876	0.653945	0.18725	0.801922	0.00703735	0.713836	0.165196	0.801922
0.0002636	0	3.3384	1.27477e+07	78.5123	-0.526942	0.195099	-1.06829	0.0700218	0.0805144	0.0610092	0
0.0002638	0	3.338	1.25734e+07	78.537	-0.0368007	0.217239	-0.045213	0.545337	-0.0449358	0.0890099	0
0.000264	0	3.3372	1.27784e+07	78.5616	-0.0115845	0.722191	-0.00325715	0.896728	0.547434	0.0513374	0
0.0002642	0	3.3364	1.26643e+07	78.5862	0.0178138	0.79387	-0.0470875	0.197149	0.117395	0.218036	0
0.0002644	0	3.336	1.27725e+07	78.6107	-0.0120376	0.499617	0.446309	0.151924	-0.0334373	0.0442546	-0.0334373
0.0002646	0	3.3352	1.28123e+07	78.6351	0.0342225	0.275072	0.00462415	0.655458	0.04657	0.528912	0
0.0002648	0	3.3344	1.26746e+07	78.6595	-0.747253	0.0346402	-0.616735	0.0706858	-0.0159562	0.809879	-0.747253
0.000265	0	3.334	1.27986e+07	78.6839	-0.0658792	0.00527602	0.639692	0.203423	0.841525	0.0572046	-0.0658792
0.0002652	0	3.3332	1.28768e+07	78.7081	0.953711	0.0883902	0.0781664	0.389466	0.327803	0.659771	0
0.0002654	0	3.3324	1.28648e+07	78.7324	-0.5286	0.207961	-0.54151	0.208161	-0.653388	0.0589048	0
0.0002656	0	3.3316	1.27979e+07	78.7565	0.00335789	0.788711	0.0229209	0.450321	0.143917	0.0268928	0.143917
0.0002658	0	3.3312	1.27209e+07	78.7806	-0.0507234	0.0272306	0.172697	0.690377	-0.0295884	0.536913	-0.0507234
0.000266	0	3.3304	1.28156e+07	78.8047	-0.0717004	0.293726	0.0184776	0.13181	-0.0207904	0.431782	0
0.0002662	0	3.3296	1.28746e+07	78.8286	-0.145389	0.33828	-0.487544	0.204784	-1.34846	0.051467	0
0.0002664	0	3.3288	1.29092e+07	78.8526	0.0113001	0.58239	0.0401385	0.280014	0.0336863	0.104356	0
0.0002666	0	3.328	1.29241e+07	78.8765	0.312239	0.36162	0.0190678	0.814624	0.00132277	0.998576	0
0.0002668	0	3.3272	1.29225e+07	78.9003	0.0220515	0.676518	0.036914	0.364574	0.0204636	0.508056	0
0.000267	0	3.3264	1.28947e+07	78.924	0.35561	0.196499	-0.0175399	0.567818	-0.0207831	0.0486896	-0.0207831
0.0002672	0	3.3256	1.28321e+07	78.9478	-0.0148141	0.483791	-0.0490316	0.293208	-0.0105466	0.612127	0
0.0002674	0	3.3244	1.29426e+07	78.9714	0.22146	0.539385	-0.00857108	0.392704	-0.0398614	0.372517	0
0.0002676	0	3.3236	1.30441e+07	78.995	0.0699301	0.218012	3.91731e-05	0.999098	0.0196721	0.726728	0
0.0002678	0	3.3228	1.30877e+07	79.0186	-0.779101	0.0621355	-0.0908051	0.281259	-0.0532497	0.0099966	-0.0532497
0.000268	0	3.322	1.30404e+07	79.0421	0.198731	0.106119	-0.249681	0.120606	-0.69277	0.131247	0
0.0002682	0	3.3208	1.29585e+07	79.0655	-0.00614842	0.627305	-0.0325732	0.355861	0.000772556	0.989999	0
0.0002684	0	3.32	1.31291e+07	79.0889	0.0329096	0.303815	0.0194331	0.414102	0.0413738	0.194296	0
0.0002686	0	3.3192	1.31034e+07	79.1122	0.683486	0.0201104	0.176633	0.62517	-0.00817967	0.853623	0.683486
0.0002688	0	3.318	1.30612e+07	79.1355	-0.203485	0.557615	-0.0059801	0.620101	-0.105518	0.218688	0
0.000269	0	3.3172	1.31843e+07	79.1588	-0.214175	0.661508	-0.249605	0.509545	-0.775896	0.0503112	0
0.0002692	0	3.316	1.30228e+07	79.1819	-0.783732	0.0590206	0.0466728	0.478326	0.0231166	0.107576	0
0.0002694	0	3.3152	1.32205e+07	79.2051	-0.00495991	0.5742	0.0894257	0.160783	0.233134	0.695628	0
0.0002696	0	3.314	1.30914e+07	79.2282	0.648473	0.0211523	0.594461	0.0350247	0.989816	0.0494833	0.74425
0.0002698	0	3.3132	1.32342e+07	79.2512	-0.0461484	0.144918	0.0293375	0.399731	0.0222039	0.156483	0
0.00027	0	3.312	1.32324e+07	79.2742	-0.546431	0.0785378	-0.483194	0.0560516	-0.197841	0.298301	0
0.0002702	0	3.3112	1.31317e+07	79.2971	-0.0692322	0.539466	0.565561	0.0122088	0.825766	0.0301047	0.695663
0.0002704	0	3.31	1.32956e+07	79.32	0.0099981	0.750385	0.050793	0.0143709	0.0390225	0.118372	0.050793
0.0002706	0	3.3088	1.33064e+07	79.3428	-0.0551197	0.175713	0.321213	0.23	-0.0411578	0.181959	0
0.0002708	0	3.3076	1.32113e+07	79.3656	0.0164537	0.402263	0.00724328	0.680047	-0.0338271	0.555752	0
0.000271	0	3.3068	1.32092e+07	79.3883	0.0320525	0.0431302	-0.0183255	0.340168	0.0498757	0.116635	0.0320525
0.0002712	0	3.3056	1.33194e+07	79.411	-0.206633	0.237304	-0.0238077	0.961537	0.306007	0.10917	0
0.0002714	0	3.3044	1.33768e+07	79.4336	0.0103298	0.608538	-0.00675748	0.900456	0.076102	0.14879	0
0.0002716	0	3.3032	1.34093e+07	79.4562	0.139168	0.125219	0.0437187	0.434809	-0.0654911	0.0131696	-0.0654911
0.0002718	0	3.302	1.34275e+07	79.4788	-0.00447665	0.560597	0.000638829	0.966155	-0.0274063	0.566134	0
0.000272	0	3.3008	1.34434e+07	79.5013	-0.0280091	0.805666	-1.27302	0.0445868	-0.0950314	0.552991	-1.27302
0.0002722	0	3.2996	1.34626e+07	79.5237	-0.425842	0.0482608	0.1163	0.0268307	-0.000585995	0.990892	-0.154771
0.0002724	0	3.2984	1.34712e+07	79.5461	-0.0207211	0.438881	0.0696656	0.166853	0.0588366	0.0318411	0.0588366
0.0002726	0	3.2972	1.34576e+07	79.5685	0.158578	0.690769	-0.00129891	0.964088	0.0260968	0.14638	0
0.0002728	0	3.296	1.34032e+07	79.5908	-0.00667123	0.794875	0.596144	0.033024	-0.00382805	0.935923	0.596144
0.000273	0	3.2944	1.33421e+07	79.613	0.0373057	0.636272	0.191777	0.0825861	0.40968	0.00498791	0.40968
0.0002732	0	3.2932	1.34988e+07	79.6352	-0.0132332	0.481895	-0.0166378	0.197237	-0.0359331	0.263407	0
0.0002734	0	3.292	1.35651e+07	79.6574	0.613381	0.0198016	0.547865	0.0381453	0.0203192	0.976751	0.580623
0.0002736	0	3.2908	1.34853e+07	79.6795	0.646802	0.068754	0.062578	0.622788	0.689749	0.210124	0
0.0002738	0	3.2892	1.35114e+07	79.7016	1.08884	0.0339532	0.801627	0.0843738	0.653221	0.136462	1.08884
0.000274	0	3.288	1.36151e+07	79.7236	0.340726	0.167089	-0.0363147	0.92821	-0.0837597	0.264691	0
0.0002742	0	3.2868	1.3423e+07	79.7456	-0.00620627	0.989932	-0.560047	0.0579967	-0.0512632	0.436199	0
0.0002744	0	3.2852	1.36523e+07	79.7676	0.0432577	0.142596	0.0142118	0.626862	0.0216635	0.51041	0
0.0002746	0	3.284	1.34827e+07	79.7895	-0.0161397	0.920295	0.930125	0.0153788	0.0707766	0.347536	0.930125
0.0002748	0	3.2824	1.36888e+07	79.8113	0.0342705	0.0406646	0.0298004	0.316423	-0.0239242	0.426198	0.0342705
0.000275	0	3.2808	1.35559e+07	79.8331	-0.013939	0.305841	0.411367	0.213888	-0.385362	0.619953	0
0.0002752	0	3.2796	1.36821e+07	79.8549	-0.0302641	0.163252	-0.0359644	0.0573866	-0.060027	0.166984	0
0.0002754	0	3.278	1.37317e+07	79.8766	0.472519	0.286556	0.0925376	0.227918	0.07291	0.061161	0
0.0002756	0	3.2764	1.36163e+07	79.8983	-0.0331526	0.0616267	-0.00759328	0.550717	-0.0765407	0.0951817	0
0.0002758	0	3.2752	1.36644e+07	79.9199	-0.613705	0.0670917	0.678534	0.0404026	1.09279	0.0685451	0.678534
0.000276	0	3.2736	1.37745e+07	79.9415	0.0111305	0.927457	-0.124968	0.526707	-0.96227	0.0565998	0
0.0002762	0	3.272	1.38143e+07	79.9631	0.420459	0.184886	-0.0943584	0.334652	-0.079742	0.12796	0
0.0002764	0	3.2704	1.38184e+07	79.9846	0.0568302	0.300585	-0.027239	0.0692576	-0.140767	0.0641977	0
0.0002766	0	3.2688	1.38092e+07	80.006	-0.00332157	0.992073	-0.0396145	0.839189	-1.08194	0.0589359	0
0.0002768	0	3.2672	1.38106e+07	80.0274	0.00573234	0.863695	0.0589104	0.250221	-0.518345	0.206736	0
0.000277	0	3.2656	1.38313e+07	80.0488	-0.019598	0.461872	0.0057819	0.613508	-0.0709896	0.283261	0
0.0002772	0	3.264	1.38692e+07	80.0702	-0.657065	0.0618304	0.0132023	0.402658	0.0979935	0.0920355	0
0.0002774	0	3.2624	1.39126e+07	80.0915	0.299881	0.0426312	-0.00917061	0.972549	0.312719	0.0707373	0.299881
0.0002776	0	3.2608	1.39394e+07	80.1127	0.615051	0.0840011	-0.385406	0.17568	-0.238133	0.0427234	-0.238133
0.0002778	0	3.2592	1.39165e+07	80.1339	0.0218903	0.166827	-0.0569271	0.46304	-0.0290123	0.484271	0
0.000278	0	3.2576	1.38017e+07	80.1551	-0.0318628	0.437853	0.648901	0.125957	0.853512	0.137328	0
0.0002782	0	3.2556	1.39177e+07	80.1762	-0.761071	0.0556781	-0.591622	0.0744912	0.0945853	0.00805015	0.0945853
0.0002784	0	3.254	1.4015e+07	80.1973	0.0236579	0.361028	0.0155308	0.415859	0.0168898	0.647693	0
0.0002786	0	3.2524	1.39023e+07	80.2184	-0.0126691	0.927485	0.0380116	0.853715	-0.094318	0.264339	0
0.0002788	0	3.2504	1.40126e+07	80.2394	0.0205391	0.266538	-0.0225525	0.198586	0.000315584	0.992735	0
0.000279	0	3.2488	1.40231e+07	80.2604	-0.552795	0.0553316	-0.0217447	0.437289	-0.123969	0.176572	0
0.0002792	0	3.2468	1.4023e+07	80.2813	0.00205889	0.996535	0.497796	0.533734	-1.23339	0.0605042	0
0.0002794	0	3.2452	1.40422e+07	80.3022	0.660766	0.020445	0.333222	0.65248	-0.071794	0.130092	0.660766
0.0002796	0	3.2432	1.41089e+07	80.3231	0.329244	0.184706	0.0132936	0.868036	-0.00736698	0.653853	0
0.0002798	0	3.2416	1.39246e+07	80.3439	-0.0079677	0.954099	-0.837398	0.100257	0.0629745	0.582039	0
0.00028	0	3.2396	1.41392e+07	80.3647	0.015359	0.561815	-0.117391	0.112161	0.0155244	0.826667	0
0.0002802	0	3.2376	1.41755e+07	80.3854	0.00291802	0.960237	0.0293621	0.629989	-0.739975	0.0488502	-0.739975
0.0002804	0	3.2356	1.4104e+07	80.4061	-0.699488	0.18999	-0.812078	0.065558	-0.0111388	0.641993	0
0.0002806	0	3.234	1.39902e+07	80.4268	-0.459178	0.199088	-0.511192	0.0451035	-0.0982636	0.0478508	-0.304728
0.0002808	0	3.232	1.41128e+07	80.4474	-0.00457534	0.938742	-0.115689	0.0467065	-0.0177986	0.660461	-0.115689
0.000281	0	3.23	1.41829e+07	80.468	0.0471706	0.0151124	-0.000930581	0.977766	-0.00997632	0.736963	0.0471706
0.0002812	0	3.228	1.42182e+07	80.4885	-0.0543804	0.0536863	0.0532803	0.0172988	0.0768634	0.0333631	0.0650719
0.0002814	0	3.226	1.42286e+07	80.509	0.046871	0.575503	0.781428	0.0761215	0.419859	0.525194	0
0.0002816	0	3.224	1.42092e+07	80.5295	-0.0593886	0.0777183	-0.53342	0.0564106	-0.0128352	0.845917	0
0.0002818	0	3.222	1.41409e+07	80.55	-0.0673397	0.0439051	-0.0275024	0.070776	-0.0228862	0.667769	-0.0673397
0.000282	0	3.2196	1.42244e+07	80.5703	-0.444961	0.0709156	-0.53564	0.0674894	-0.0889968	0.011946	-0.0889968
0.0002822	0	3.2176	1.4354e+07	80.5907	0.039158	0.195511	-0.0288726	0.185146	-0.0558453	0.411138	0
0.0002824	0	3.2156	1.4382e+07	80.611	0.217084	0.701923	1.09287	0.0447847	0.938579	0.0839668	1.09287
0.0002826	0	3.2136	1.42392e+07	80.6313	0.0337527	0.0885386	-0.0924215	0.30959	-0.0175236	0.489096	0
0.0002828	0	3.2112	1.43985e+07	80.6516	0.0680952	0.00428666	-0.0177473	0.635386	-0.0134026	0.422135	0.0680952
0.000283	0	3.2092	1.44091e+07	80.6718	-0.00374498	0.91543	0.0482606	0.0236181	0.0167607	0.723738	0.0482606
0.0002832	0	3.2068	1.439e+07	80.692	-0.0205717	0.413066	-0.0887006	0.255593	-0.0804055	0.255364	0
0.0002834	0	3.2048	1.4445e+07	80.7121	-0.575732	0.0707086	0.109271	0.815907	-0.640337	0.0374303	-0.640337
0.0002836	0	3.2024	1.44781e+07	80.7322	0.025541	0.507823	0.0240373	0.398227	0.00825278	0.660155	0
0.0002838	0	3.2004	1.43479e+07	80.7523	1.20306	0.026327	0.337158	0.00516484	0.100216	0.270761	0.770109
0.000284	0	3.198	1.45376e+07	80.7723	-0.0214838	0.377821	-0.0248729	0.372919	-0.0353947	0.752902	0
0.0002842	0	3.1956	1.45586e+07	80.7923	-0.0367766	0.388014	0.00192439	0.955103	0.0384008	0.00367094	0.0384008
0.0002844	0	3.1932	1.44913e+07	80.8123	-0.507015	0.0524265	-0.0210357	0.274581	-0.00060022	0.98141	0
0.0002846	0	3.1908	1.44019e+07	80.8323	-0.069471	0.0662822	-0.0176481	0.670702	-0.0513581	0.243914	0
0.0002848	0	3.1888	1.44537e+07	80.8521	-0.0447274	0.116471	-0.0331474	0.0284923	-0.0258257	0.355773	-0.0331474
0.000285	0	3.1864	1.44979e+07	80.872	0.0213128	0.324599	0.012863	0.0504079	-0.0380343	0.109947	0
0.0002852	0	3.184	1.45019e+07	80.8918	0.0453565	0.48366	0.00299414	0.97024	0.0415498	0.0582952	0
0.0002854	0	3.1812	1.44613e+07	80.9116	0.369363	0.54274	0.032639	0.140285	0.0630394	0.0165962	0.0630394
0.0002856	0	3.1788	1.45917e+07	80.9314	-0.169319	0.0431399	0.0714216	0.263222	0.0261146	0.36887	-0.169319
0.0002858	0	3.1764	1.47112e+07	80.9511	0.0439229	0.0343097	0.0303986	0.200951	-0.0715997	0.613539	0.0439229
0.000286	0	3.174	1.4749e+07	80.9708	-0.959014	0.0464797	-0.0866388	0.150122	-0.0311902	0.0587164	-0.959014
0.0002862	0	3.1716	1.46189e+07	80.9905	-0.544138	0.0662448	-0.00156618	0.541674	-0.0575476	0.192246	0
0.0002864	0	3.1688	1.47537e+07	81.0101	-0.240233	0.479626	-0.0622656	0.538738	0.0147503	0.536226	0
0.0002866	0	3.1664	1.4774e+07	81.0297	-0.810719	0.117532	-0.670528	0.049264	0.00105462	0.984818	-0.670528
0.0002868	0	3.1636	1.4757e+07	81.0493	-0.0403135	0.00187678	-0.0344823	0.187443	-0.050831	0.412747	-0.0403135
0.000287	0	3.1612	1.47939e+07	81.0688	-0.0006718	0.955126	0.000357232	0.990692	-0.0420603	0.404196	0
0.0002872	0	3.1584	1.48694e+07	81.0883	0.490834	0.233951	-0.115405	0.0480538	0.786567	0.0427817	0.335581
0.0002874	0	3.1556	1.47175e+07	81.1077	-0.00456592	0.789086	0.0341901	0.161714	0.0312674	0.627079	0
0.0002876	0	3.1532	1.48327e+07	81.1272	-0.0106417	0.854765	-0.0364327	0.0379968	0.384979	0.0324058	0.174273
0.0002878	0	3.1504	1.49365e+07	81.1465	-0.0562547	0.0520788	0.213852	0.63256	-0.162655	0.052797	0
0.000288	0	3.1476	1.49687e+07	81.1659	-0.751081	0.0541074	0.0103804	0.561211	0.0569944	0.0397816	0.0569944
0.0002882	0	3.1448	1.49838e+07	81.1852	0.154599	0.0412471	0.159626	0.384162	0.113512	0.234738	0.154599
0.0002884	0	3.142	1.50049e+07	81.2045	0.0146139	0.115534	0.00525921	0.787149	-0.0304329	0.68944	0
0.0002886	0	3.1392	1.50312e+07	81.2238	-0.839291	0.0626302	-0.0330234	0.509105	-0.100465	0.102597	0
0.0002888	0	3.1364	1.5036e+07	81.243	-0.0563776	0.220485	0.417968	0.250689	0.488353	0.190634	0
0.000289	0	3.1336	1.49619e+07	81.2622	-0.0222203	0.249872	0.00673751	0.790518	-0.00490974	0.87908	0
0.0002892	0	3.1304	1.49463e+07	81.2814	-0.00179362	0.948258	0.00135496	0.858564	-0.117005	0.145056	0
0.0002894	0	3.1276	1.51175e+07	81.3005	0.0191141	0.681712	0.789037	0.0437711	0.376434	0.220068	0.789037
0.0002896	0	3.1248	1.50118e+07	81.3196	0.579993	0.0642042	-0.2733	0.484844	-0.123548	0.838088	0
0.0002898	0	3.1216	1.5137e+07	81.3387	-0.0412454	0.169207	-0.0972676	0.0920913	-0.0347946	0.0151133	-0.0347946
0.00029	0	3.1188	1.50303e+07	81.3578	-0.0502373	0.234795	0.0552737	0.00684303	0.161635	0.0151671	0.108454
0.0002902	0	3.1156	1.52051e+07	81.3768	-0.0333917	0.886076	-0.261145	0.51358	-0.533925	0.214184	0
0.0002904	0	3.1124	1.51487e+07	81.3958	0.0442846	0.0670624	0.0064935	0.764738	0.000284285	0.988743	0
0.0002906	0	3.1096	1.50146e+07	81.4147	-0.00612871	0.716092	0.0191753	0.625	0.0644416	0.102431	0
0.0002908	0	3.1064	1.51592e+07	81.4336	0.00155887	0.971748	-0.0151489	0.707976	0.190142	0.0508867	0
0.000291	0	3.1032	1.52304e+07	81.4525	0.00265262	0.906579	0.00735233	0.892773	0.0247665	0.615356	0
0.0002912	0	3.1	1.52531e+07	81.4714	0.0240535	0.581777	0.0814737	0.128279	0.0260376	0.327927	0
0.0002914	0	3.0968	1.52311e+07	81.4902	-0.0132063	0.390175	0.0528546	0.315347	-0.000149308	0.994964	0
0.0002916	0	3.0936	1.51261e+07	81.509	0.0868414	0.279848	0.0596365	0.231744	-0.0452038	0.414295	0
0.0002918	0	3.09	1.53063e+07	81.5278	-0.0542882	0.346029	-0.0324022	0.460164	-0.0264168	0.382971	0
0.000292	0	3.0868	1.54106e+07	81.5465	0.307652	0.120659	-0.617374	0.282648	-1.10381	0.0572242	0
0.0002922	0	3.0836	1.52531e+07	81.5652	-0.535651	0.056831	0.00634775	0.37796	-0.00983124	0.743825	0
0.0002924	0	3.08	1.54442e+07	81.5839	-0.071035	0.218863	-0.0689543	0.107523	-0.0553643	0.105633	0
0.0002926	0	3.0768	1.52701e+07	81.6025	-0.225566	0.157791	0.0654469	0.618471	0.0375234	0.675459	0
0.0002928	0	3.0732	1.54916e+07	81.6211	-0.890488	0.0608676	-0.0306639	0.0361337	0.00584632	0.909268	-0.0306639
0.000293	0	3.0696	1.54938e+07	81.6397	-0.0582727	0.00130472	-0.0546933	0.0488331	-0.099602	0.35806	-0.056483
0.0002932	0	3.066	1.54105e+07	81.6583	0.0411628	0.423755	0.00822357	0.732134	-0.0456069	0.281495	0
0.0002934	0	3.0624	1.53471e+07	81.6768	0.286963	0.223932	-0.181737	0.163725	0.133169	0.178991	0
0.0002936	0	3.0588	1.53588e+07	81.6953	-0.0646045	0.0532747	0.0172895	0.690556	-0.0106426	0.586586	0
0.0002938	0	3.0552	1.54508e+07	81.7138	-0.550828	0.0580424	-0.0129589	0.766689	0.025645	0.488231	0
0.000294	0	3.0516	1.55842e+07	81.7322	-0.0326598	0.394328	-0.0151488	0.607781	0.103998	0.0360741	0.103998
0.0002942	0	3.048	1.56655e+07	81.7507	0.3015	0.624031	-0.327304	0.589479	-0.00572026	0.839449	0
0.0002944	0	3.0444	1.55422e+07	81.769	0.890059	0.0450191	-1.10459	0.106396	0.00787138	0.956459	0.890059
0.0002946	0	3.0404	1.5682e+07	81.7874	0.901007	0.0407568	0.969112	0.0453766	0.970462	0.0294693	0.94686
0.0002948	0	3.0368	1.55988e+07	81.8057	0.042805	0.127078	0.0404773	0.00936808	-0.0461077	0.16258	0.0404773
0.000295	0	3.0328	1.57613e+07	81.824	-0.00788967	0.544046	0.653962	0.0669332	0.0260806	0.440318	0
0.0002952	0	3.0288	1.57205e+07	81.8423	0.179272	0.647241	0.0261137	0.604844	0.0316441	0.272796	0
0.0002954	0	3.0248	1.56307e+07	81.8605	-0.105236	0.0772075	-0.148503	0.0193765	0.0265164	0.423585	-0.148503
0.0002956	0	3.0208	1.55951e+07	81.8787	0.0482189	0.746066	-0.0232272	0.827888	-0.743366	0.192592	0
0.0002958	0	3.0168	1.5659e+07	81.8969	-0.81477	0.052231	-0.93615	0.0850004	-0.0751781	0.246024	0
0.000296	0	3.0128	1.57936e+07	81.9151	0.0051361	0.199612	-0.0564985	0.0593412	-0.0463791	0.133339	0
0.0002962	0	3.0088	1.59089e+07	81.9332	-0.243339	0.581195	-0.0551402	0.0459268	-0.0396052	0.621651	-0.0551402
0.0002964	0	3.0048	1.58286e+07	81.9513	0.0158213	0.347674	0.010966	0.502846	-0.14032	0.0385455	-0.14032
0.0002966	0	3.0004	1.59087e+07	81.9694	-0.00174964	0.941007	0.00138549	0.950114	0.0506097	0.595953	0
0.0002968	0	2.9964	1.58454e+07	81.9869	-0.0276772	0.108629	0.0192779	0.527347	-0.0120117	0.674819	0
0.000297	0	2.992	1.60051e+07	82.0055	-0.030277	0.21166	-0.0243634	0.358705	0.0245446	0.702721	0
0.0002972	0	2.9876	1.60129e+07	82.0235	-0.00387084	0.814863	-0.0846971	0.0960318	-0.0497499	0.177519	0
0.0002974	0	2.9832	1.60056e+07	82.0414	-0.0268367	0.438397	-0.052991	0.175607	-0.202421	0.0705283	0
0.0002976	0	2.9788	1.60458e+07	82.0594	0.311766	0.606194	0.00647568	0.872753	0.00998215	0.915623	0
0.0002978	0	2.9744	1.61067e+07	82.0773	-0.0407069	0.535922	-0.798869	0.0434714	-0.213126	0.00915003	-0.505997
0.000298	0	2.97	1.60673e+07	82.0951	-0.00677877	0.714997	0.0898701	0.0473025	0.0299762	0.138771	0.0898701
0.0002982	0	2.9652	1.60326e+07	82.113	0.0762016	0.653075	-1.02233	0.112242	-0.73658	0.194787	0
0.0002984	0	2.9608	1.61487e+07	82.1308	0.0175497	0.303688	0.0814888	0.0590562	0.015691	0.494816	0
0.0002986	0	2.956	1.61837e+07	82.1486	0.000720175	0.9788	-0.0077018	0.645089	-0.00840889	0.88089	0
0.0002988	0	2.9512	1.6088e+07	82.1664	0.570757	0.0903813	1.23211	0.0665875	-1.04371	0.0605583	0
0.000299	0	2.9464	1.60439e+07	82.1841	-0.0190194	0.386682	-0.0805003	0.129091	0.00337906	0.989505	0
0.0002992	0	2.9416	1.61163e+07	82.2019	0.0434495	0.0875939	0.0412392	0.0455324	0.0493954	0.0330145	0.0453173
0.0002994	0	2.9368	1.62676e+07	82.2196	0.365825	0.425863	0.0344044	0.586215	-0.0611176	0.164765	0
0.0002996	0	2.932	1.63253e+07	82.2372	0.621805	0.107431	0.0385584	0.030532	0.0179675	0.641424	0.0385584
0.0002998	0	2.9268	1.61923e+07	82.2549	0.480462	0.206091	0.0020957	0.810159	-0.145818	0.274193	0
0.0003	0	2.922	1.63458e+07	82.2725	0.136295	0.0212277	0.150449	0.014463	0.0478853	0.239132	0.143372
0.0003002	0	2.9168	1.64197e+07	82.2901	-0.033421	0.0923669	-0.0650787	0.00500475	-0.107973	0.18801	-0.0650787
0.0003004	0	2.9116	1.64326e+07	82.3076	-0.0643079	0.299208	-0.0450918	0.315043	0.0175573	0.276385	0
0.0003006	0	2.9064	1.6472e+07	82.3252	0.00437525	0.923946	0.0945663	0.319164	-0.0249399	0.533394	0
0.0003008	0	2.9012	1.64625e+07	82.3427	-0.905803	0.0654172	-0.00277391	0.750769	0.0075093	0.895349	0
0.000301	0	2.8956	1.63301e+07	82.3601	0.679246	0.0599115	0.410359	0.185923	0.712114	0.179387	0
0.0003012	0	2.8904	1.65399e+07	82.3776	0.315885	0.665941	-0.0187724	0.861228	-1.18863	0.034068	-1.18863
0.0003014	0	2.8848	1.65515e+07	82.395	0.183511	0.662206	-0.0240995	0.735886	-0.0411482	0.0579731	0
0.0003016	0	2.8792	1.65204e+07	82.4124	0.0275945	0.36434	-0.0692299	0.100932	0.134672	0.00744625	0.134672
0.0003018	0	2.8736	1.65758e+07	82.4298	-0.0394334	0.572617	-1.18352	0.055089	0.0126054	0.730465	0
0.000302	0	2.868	1.66617e+07	82.4471	0.276766	0.598555	-0.604325	0.0523336	-0.00123186	0.979497	0
0.0003022	0	2.8624	1.65e+07	82.4645	0.0132115	0.682852	0.0689471	0.239528	-0.0057787	0.862691	0
0.0003024	0	2.8564	1.67157e+07	82.4818	0.469639	0.155389	0.403082	0.22852	0.10289	0.116444	0
0.0003026	0	2.8504	1.66996e+07	82.499	-0.00738817	0.84566	0.0105971	0.509497	-0.0622993	0.626379	0
0.0003028	0	2.8444	1.67125e+07	82.5163	-0.0708173	0.208637	-0.0428915	0.121673	-0.0624877	0.317848	0
0.000303	0	2.8384	1.67959e+07	82.5335	0.0165887	0.605592	-0.0212603	0.509545	-0.012592	0.61181	0
0.0003032	0	2.8324	1.67112e+07	82.5507	-0.0152816	0.543953	0.0190114	0.353023	-0.00266991	0.972078	0
0.0003034	0	2.826	1.68428e+07	82.5679	0.571553	0.152424	0.196317	0.714803	0.118131	0.18697	0
0.0003036	0	2.8196	1.67778e+07	82.585	0.0501529	0.180039	-0.0333701	0.133744	-0.0809287	0.671943	0
0.0003038	0	2.8132	1.68087e+07	82.6021	-0.0541491	0.55288	-0.170834	0.0353879	0.0126878	0.655822	-0.170834
0.000304	0	2.8068	1.69332e+07	82.6192	0.708615	0.0614441	1.00391	0.0458432	-0.000166442	0.99788	1.00391
0.0003042	0	2.8004	1.67985e+07	82.6363	0.00464618	0.724693	0.0423589	0.220905	0.0561802	0.272338	0
0.0003044	0	2.7936	1.69827e+07	82.6533	-0.0327308	0.482364	-0.967015	0.0798641	-0.151023	0.243391	0
0.0003046	0	2.7868	1.70216e+07	82.6703	-0.00113514	0.955496	-0.0210334	0.244062	-0.0410448	0.123951	0
0.0003048	0	2.78	1.70148e+07	82.6873	0.0160225	0.368806	-0.118931	0.334105	0.0182698	0.548843	0
0.000305	0	2.7728	1.68871e+07	82.7042	0.0667533	0.05873	0.0271342	0.288974	0.0289261	0.348	0
0.0003052	0	2.766	1.70216e+07	82.7212	-0.135688	0.0188858	-0.644353	0.0459335	-0.0539811	0.533144	-0.39002
0.0003054	0	2.7588	1.70797e+07	82.7381	-0.112065	0.123699	-0.0163336	0.692282	0.430629	0.414624	0
0.0003056	0	2.7516	1.69529e+07	82.755	-1.11262	0.0637261	-0.0485619	0.0131832	0.0376486	0.34749	-0.0485619
0.0003058	0	2.744	1.71789e+07	82.7718	0.00596002	0.859193	0.00115796	0.906863	-0.0647144	0.256009	0
0.000306	0	2.7364	1.71133e+07	82.7887	0.0511536	0.249542	0.0604531	0.253088	-0.949614	0.0708203	0
0.0003062	0	2.7288	1.71872e+07	82.8055	-1.37422	0.0713947	-0.0405315	0.212559	0.949855	0.0970186	0
0.0003064	0	2.7212	1.72412e+07	82.8223	-0.201512	0.188358	0.0300914	0.583442	0.366341	0.542636	0
0.0003066	0	2.7132	1.72708e+07	82.839	-0.0563952	0.474024	-0.0114727	0.824306	0.0794386	0.0159881	0.0794386
0.0003068	0	2.7052	1.73049e+07	82.8557	0.0437297	0.144384	0.0521235	0.385215	-0.0296039	0.53677	0
0.000307	0	2.6972	1.72938e+07	82.8724	0.0125232	0.718863	-0.0229202	0.0961059	-0.00956505	0.892239	0
0.0003072	0	2.6888	1.73721e+07	82.8891	0.803662	0.123922	-0.668569	0.0909548	-0.0611338	0.355421	0
0.0003074	0	2.6804	1.74047e+07	82.9057	-0.019355	0.439014	-0.0257914	0.136836	0.0400787	0.0213175	0.0400787
0.0003076	0	2.672	1.72683e+07	82.9223	0.00423053	0.893154	-0.0641245	0.214651	-0.0925725	0.00466248	-0.0925725
0.0003078	0	2.6632	1.74262e+07	82.9389	-0.0426378	0.779765	-0.0269578	0.630126	-0.311603	0.469347	0
0.000308	0	2.6544	1.7338e+07	82.9555	-0.0898128	0.0629219	0.0340023	0.383775	-0.0379515	0.370797	0
0.0003082	0	2.6452	1.75098e+07	82.972	0.0838001	0.200762	0.13749	0.838797	-0.0748678	0.595368	0
0.0003084	0	2.636	1.75374e+07	82.9885	0.898666	0.0376724	0.712744	0.0567465	0.069761	0.114629	0.898666
0.0003086	0	2.6268	1.73789e+07	83.005	0.0453236	0.533033	0.0424762	0.304571	0.00674342	0.178653	0
0.0003088	0	2.6172	1.74847e+07	83.0215	0.854541	0.0393056	0.105641	0.567179	-0.898897	0.0336024	-0.022178
0.000309	0	2.6072	1.74888e+07	83.0379	0.563932	0.205443	0.627879	0.225124	-0.773491	0.0569237	0
0.0003092	0	2.5972	1.73726e+07	83.0543	-0.0165378	0.716336	-0.0759564	0.487093	0.0468478	0.654711	0
0.0003094	0	2.5872	1.76493e+07	83.0707	-0.181673	0.307052	-0.438542	0.336274	-0.0717728	0.507104	0
0.0003096	0	2.5768	1.76224e+07	83.087	1.0673	0.0487902	1.13632	0.0141361	1.43607	0.042799	1.21323
0.0003098	0	2.5664	1.76729e+07	83.1033	0.0755238	0.34626	0.0346364	0.450594	0.0264797	0.353559	0
0.00031	0	2.5556	1.76942e+07	83.1196	0.110916	0.0262623	0.0136755	0.829271	-0.0233472	0.391396	0.110916
0.0003102	0	2.5444	1.77094e+07	83.1358	-0.113785	0.0721461	-0.150426	0.0551525	0.116907	0.141843	0
0.0003104	0	2.5332	1.77815e+07	83.1521	-0.0067181	0.795369	0.00225291	0.98712	-0.0679796	0.240278	0
0.0003106	0	2.5216	1.77896e+07	83.1682	0.0945601	0.0161072	0.0634904	0.256573	-0.0359008	0.652627	0.0945601
0.0003108	0	2.51	1.75871e+07	83.1844	-0.0188914	0.669006	0.037238	0.315795	-0.0334827	0.131673	0
0.000311	0	2.4976	1.77581e+07	83.2005	1.05882	0.0339272	-0.330041	0.626694	0.0475275	0.482536	1.05882
0.0003112	0	2.4852	1.77915e+07	83.2166	-0.0802152	0.293065	-0.0944319	0.246166	-0.00440217	0.882045	0
0.0003114	0	2.4724	1.76626e+07	83.2327	-0.123677	0.0707631	-0.0857842	0.288696	0.00151606	0.978484	0
0.0003116	0	2.4596	1.78448e+07	83.2487	0.0662614	0.334528	-0.0929281	0.277559	-0.0279618	0.300863	0
0.0003118	0	2.446	1.78392e+07	83.2647	-0.0133111	0.775569	-0.030936	0.0130026	0.0160222	0.868809	-0.030936
0.000312	0	2.4324	1.78819e+07	83.2807	-0.0098267	0.769833	0.00451928	0.596804	0.00752723	0.887551	0
0.0003122	0	2.418	1.7789e+07	83.2966	-0.0478645	0.545759	0.0170882	0.599347	-0.0596985	0.123193	0
0.0003124	0	2.4036	1.79383e+07	83.3125	-0.0846653	0.043563	-0.116915	0.196017	-0.0194714	0.436581	-0.0846653
0.0003126	0	2.3884	1.78603e+07	83.3283	0.0275186	0.195184	-0.00627354	0.354138	0.0536494	0.538923	0
0.0003128	0	2.3732	1.77232e+07	83.3441	-0.656913	0.0578341	0.047918	0.365831	0.00584086	0.831192	0
0.000313	0	2.3572	1.77076e+07	83.3599	0.00773182	0.58287	-0.0148951	0.521789	0.0747401	0.0527514	0
0.0003132	0	2.3404	1.7953e+07	83.3756	0.0129544	0.704097	0.0225978	0.201045	0.0390697	0.0819739	0
0.0003134	0	2.3232	1.78358e+07	83.3913	0.0381821	0.0542527	-0.0732825	0.0674969	0.0364221	0.37027	0
0.0003136	0	2.3056	1.79822e+07	83.407	-0.79914	0.0694247	0.0462415	0.0989817	0.0201569	0.713279	0
0.0003138	0	2.2872	1.79749e+07	83.4225	-0.874155	0.0612437	-0.870492	0.0340039	-0.789298	0.066574	-0.870492
0.000314	0	2.268	1.79538e+07	83.4381	0.012134	0.48185	-0.0753456	0.148393	-0.117204	0.0353097	-0.117204
0.0003142	0	2.248	1.78611e+07	83.4536	-0.029974	0.181193	-0.0305544	0.42766	-0.0286295	0.127395	0
0.0003144	0	2.2272	1.78326e+07	83.469	-0.0663744	0.919062	1.25656	0.0522776	0.131308	0.209409	0
0.0003146	0	2.2056	1.79113e+07	83.4844	-0.0201885	0.814331	0.640592	0.156007	0.509153	0.139324	0
0.0003148	0	2.1828	1.78839e+07	83.4998	0.0375131	0.286191	-0.00282506	0.765222	-0.044827	0.255189	0
0.000315	0	2.1588	1.78291e+07	83.515	0.0241623	0.48088	0.0271927	0.733203	0.138065	0.011272	0.138065
0.0003152	0	2.1336	1.78028e+07	83.5303	0.00343345	0.934806	-0.0137931	0.467626	0.0651637	0.366536	0
0.0003154	0	2.1068	1.76468e+07	83.5454	-0.252467	0.645355	0.0126165	0.828963	-0.00595727	0.97712	0
0.0003156	0	2.0784	1.74722e+07	83.5605	-0.0558501	0.0617656	0.12325	0.0206392	0.0957454	0.0933625	0.12325
0.0003158	0	2.0484	1.7579e+07	83.5754	-0.0858623	0.452809	-0.00619143	0.785533	-0.0292365	0.591228	0
0.000316	0	2.016	1.74356e+07	83.5903	-0.121327	0.802303	0.913182	0.0327336	0.244573	0.528511	0.913182
0.0003162	0	1.9808	1.73766e+07	83.6051	-0.947864	0.0628189	0.0114694	0.884965	0.00306646	0.950126	0
0.0003164	0	1.9428	1.72595e+07	83.6198	-0.0273616	0.000279633	-0.564498	0.0434901	-0.00129601	0.849357	-0.29593
0.0003166	0	1.9008	1.70818e+07	83.6344	0.00989289	0.911727	0.139754	0.12902	0.113002	0.0821862	0
0.0003168	0	1.8544	1.67785e+07	83.6488	-0.306584	0.0365455	-0.428418	0.0810383	-0.193609	0.0681919	-0.306584
0.000317	0	1.8016	1.66407e+07	83.6631	0.14714	0.305374	-0.331791	0.271628	0.118585	0.658526	0
0.0003172	0	1.7404	1.62043e+07	83.6772	-0.403889	0.107035	0.0233765	0.614708	-0.224294	0.0398371	-0.224294
0.0003174	0	1.6676	1.59311e+07	83.691	-0.0161552	0.708573	-0.0786612	0.436292	0.385385	0.0838635	0
0.0003176	0	1.5756	1.53396e+07	83.7046	0.00645129	0.942106	0.303454	0.0113478	0.309975	0.00038653	0.306715
0.0003178	0	1.4472	1.42366e+07	83.7178	-0.154717	0.1652	0.10382	0.0288462	-0.0247568	0.795968	0.10382
0.000318	0	1.2124	1.23333e+07	83.7304	0.179596	0.238462	-0.10926	0.405977	-0.0172028	0.805838	0
0.0003182	0	0	0.00912038	4.06881e-06	-10	-10	-10	-10	-10	-10	-10
0.0003184	0	0	0.00701064	7.78884e-06	-10	-10	-10	-10	-10	-10	-10
0.0003186	0	0	0.00393994	6.07427e-06	-10	-10	-10	-10	-10	-10	-10
0.0003188	0	0	0.00245996	3.35798e-06	-10	-10	-10	-10	-10	-10	-10
0.000319	0	0	0.00517173	2.08777e-06	-10	-10	-10	-10	-10	-10	-10
0.0003192	0	0	0.00210425	1.03291e-06	-10	-10	-10	-10	-10	-10	-10
0.0003194	0	0	0.00573187	2.0229e-06	-10	-10	-10	-10	-10	-10	-10
0.0003196	0	0	0.00564788	1.1693e-06	-10	-10	-10	-10	-10	-10	-10
0.0003198	0	0	0.00293748	2.44398e-06	-10	-10	-10	-10	-10	-10	-10
0.00032	0	0	0.00227138	2.51016e-06	-10	-10	-10	-10	-10	-10	-10
0.0003202	0	0	0.00160161	1.0994e-06	-10	-10	-10	-10	-10	-10	-10
0.0003204	0	0	0.000537864	1.50941e-06	-10	-10	-10	-10	-10	-10	-10
0.0003206	0	0	0.00140393	6.33566e-06	-10	-10	-10	-10	-10	-10	-10
0.0003208	0	0	0.00123238	2.39747e-06	-10	-10	-10	-10	-10	-10	-10
0.000321	0	0	0.000585162	4.15798e-06	-10	-10	-10	-10	-10	-10	-10
0.0003212	0	0	0.000715053	2.96259e-06	-10	-10	-10	-10	-10	-10	-10
0.0003214	0	0	0.00147509	6.27848e-06	-10	-10	-10	-10	-10	-10	-10
0.0003216	0	0	0.00175124	2.86527e-06	-10	-10	-10	-10	-10	-10	-10
0.0003218	0	0	0.00754727	2.40941e-06	-10	-10	-10	-10	-10	-10	-10
0.000322	0	0	0.000833074	2.75001e-06	-10	-10	-10	-10	-10	-10	-10
0.0003222	0	0	0.00264724	2.25979e-06	-10	-10	-10	-10	-10	-10	-10
0.0003224	0	0	0.00369708	1.5894e-06	-10	-10	-10	-10	-10	-10	-10
0.0003226	0	0	0.00360726	1.46708e-06	-10	-10	-10	-10	-10	-10	-10
0.0003228	0	0	0.00122162	3.55699e-06	-10	-10	-10	-10	-10	-10	-10
0.000323	0	0	0.00106857	4.28473e-06	-10	-10	-10	-10	-10	-10	-10
0.0003232	0	0	0.00253694	2.09817e-06	-10	-10	-10	-10	-10	-10	-10
0.0003234	0	0	0.000610464	4.24077e-06	-10	-10	-10	-10	-10	-10	-10
0.0003236	0	0	0.00115484	3.10892e-06	-10	-10	-10	-10	-10	-10	-10
0.0003238	0	0	0.00169876	2.21592e-06	-10	-10	-10	-10	-10	-10	-10
0.000324	0	0	0.00375257	3.03857e-06	-10	-10	-10	-10	-10	-10	-10
0.0003242	0	0	0.00445176	1.96021e-06	-10	-10	-10	-10	-10	-10	-10
0.0003244	0	0	0.00135495	2.01263e-06	-10	-10	-10	-10	-10	-10	-10
0.0003246	0	0	0.000724743	3.5213e-06	-10	-10	-10	-10	-10	-10	-10
0.0003248	0	0	0.000636123	4.1181e-06	-10	-10	-10	-10	-10	-10	-10
0.000325	0	0	0.00125448	1.79235e-06	-10	-10	-10	-10	-10	-10	-10
0.0003252	0	0	0.000421116	2.10334e-07	-10	-10	-10	-10	-10	-10	-10
0.0003254	0	0	0.00560855	2.89397e-06	-10	-10	-10	-10	-10	-10	-10
0.0003256	0	0	0.000419821	8.63259e-07	-10	-10	-10	-10	-10	-10	-10
0.0003258	0	0	0.000585218	3.58562e-06	-10	-10	-10	-10	-10	-10	-10
0.000326	0	0	0.000294801	1.30131e-06	-10	-10	-10	-10	-10	-10	-10
0.0003262	0	0	0.000457323	6.82955e-07	-10	-10	-10	-10	-10	-10	-10
0.0003264	0	0	0.000479146	1.48351e-06	-10	-10	-10	-10	-10	-10	-10
0.0003266	0	0	0.000390068	1.20441e-06	-10	-10	-10	-10	-10	-10	-10
0.0003268	0	0	0.000571823	6.87984e-08	-10	-10	-10	-10	-10	-10	-10
0.000327	0	0	0.00440737	2.74873e-06	-10	-10	-10	-10	-10	-10	-10
0.0003272	0	0	0.000428307	1.25897e-06	-10	-10	-10	-10	-10	-10	-10
0.0003274	0	0	0.00479308	6.53083e-07	-10	-10	-10	-10	-10	-10	-10
0.0003276	0	0	0.00106484	2.6982e-06	-10	-10	-10	-10	-10	-10	-10
0.0003278	0	0	0.000517143	1.75932e-06	-10	-10	-10	-10	-10	-10	-10
0.000328	0	0	0.000307998	3.0496e-06	-10	-10	-10	-10	-10	-10	-10
0.0003282	0	0	0.00182805	3.50765e-06	-10	-10	-10	-10	-10	-10	-10
0.0003284	0	0	0.00133056	1.62191e-06	-10	-10	-10	-10	-10	-10	-10
0.0003286	0	0	0.00078282	5.56282e-07	-10	-10	-10	-10	-10	-10	-10
0.0003288	0	0	0.000725311	1.37536e-06	-10	-10	-10	-10	-10	-10	-10
0.000329	0	0	0.000846523	2.23622e-06	-10	-10	-10	-10	-10	-10	-10
0.0003292	0	0	0.000813393	3.52046e-06	-10	-10	-10	-10	-10	-10	-10
0.0003294	0	0	0.000466374	1.81879e-07	-10	-10	-10	-10	-10	-10	-10
0.0003296	0	0	0.00074727	3.57179e-07	-10	-10	-10	-10	-10	-10	-10
0.0003298	0	0	0.000888204	1.84511e-06	-10	-10	-10	-10	-10	-10	-10
0.00033	0	0	0.000363977	1.6604e-06	-10	-10	-10	-10	-10	-10	-10
0.0003302	0	0	0.00039798	2.99799e-06	-10	-10	-10	-10	-10	-10	-10
0.0003304	0	0	0.000559604	2.89431e-06	-10	-10	-10	-10	-10	-10	-10
0.0003306	0	0	0.000509612	6.04402e-07	-10	-10	-10	-10	-10	-10	-10
0.0003308	0	0	0.000526566	9.59575e-07	-10	-10	-10	-10	-10	-10	-10
0.000331	0	0	0.000786313	1.27704e-06	-10	-10	-10	-10	-10	-10	-10
0.0003312	0	0	0.00147258	5.82614e-07	-10	-10	-10	-10	-10	-10	-10
0.0003314	0	0	0.000799945	1.04854e-06	-10	-10	-10	-10	-10	-10	-10
0.0003316	0	0	0.00031203	3.92963e-06	-10	-10	-10	-10	-10	-10	-10
0.0003318	0	0	0.000730584	1.8173e-06	-10	-10	-10	-10	-10	-10	-10
0.000332	0	0	0.000482382	1.7644e-06	-10	-10	-10	-10	-10	-10	-10
0.0003322	0	0	0.000481358	1.7477e-06	-10	-10	-10	-10	-10	-10	-10
0.0003324	0	0	0.000784279	6.77225e-07	-10	-10	-10	-10	-10	-10	-10
0.0003326	0	0	0.000541127	1.2807e-06	-10	-10	-10	-10	-10	-10	-10
0.0003328	0	0	0.000613257	3.46268e-07	-10	-10	-10	-10	-10	-10	-10
0.000333	0	0	0.000811707	6.72876e-08	-10	-10	-10	-10	-10	-10	-10
0.0003332	0	0	0.000816845	2.93506e-07	-10	-10	-10	-10	-10	-10	-10
0.0003334	0	0	0.00056042	1.03307e-07	-10	-10	-10	-10	-10	-10	-10
0.0003336	0	0	0.000484911	1.30232e-06	-10	-10	-10	-10	-10	-10	-10
0.0003338	0	0	0.00057811	2.49184e-06	-10	-10	-10	-10	-10	-10	-10
0.000334	0	0	0.00079312	7.01611e-08	-10	-10	-10	-10	-10	-10	-10
0.0003342	0	0	0.00164784	3.60255e-07	-10	-10	-10	-10	-10	-10	-10
0.0003344	0	0	0.000998027	6.7195e-07	-10	-10	-10	-10	-10	-10	-10
0.0003346	0	0	0.000425389	3.91229e-07	-10	-10	-10	-10	-10	-10	-10
0.0003348	0	0	0.000459311	9.69226e-07	-10	-10	-10	-10	-10	-10	-10
0.000335	0	0	0.000311081	1.63916e-07	-10	-10	-10	-10	-10	-10	-10
0.0003352	0	0	0.000418128	1.99726e-06	-10	-10	-10	-10	-10	-10	-10
0.0003354	0	0	0.000585555	3.10371e-06	-10	-10	-10	-10	-10	-10	-10
0.0003356	0	0	0.000782568	1.65818e-06	-10	-10	-10	-10	-10	-10	-10
0.0003358	0	0	0.000321879	4.52793e-07	-10	-10	-10	-10	-10	-10	-10
0.000336	0	0	0.000404097	4.25724e-07	-10	-10	-10	-10	-10	-10	-10
0.0003362	0	0	0.000411826	1.11342e-06	-10	-10	-10	-10	-10	-10	-10
0.0003364	0	0	0.00032165	1.08733e-06	-10	-10	-10	-10	-10	-10	-10
0.0003366	0	0	0.000258686	1.09497e-06	-10	-10	-10	-10	-10	-10	-10
0.0003368	0	0	0.000468525	2.16042e-07	-10	-10	-10	-10	-10	-10	-10
0.000337	0	0	0.000942409	2.73223e-06	-10	-10	-10	-10	-10	-10	-10
0.0003372	0	0	0.000332459	1.71425e-06	-10	-10	-10	-10	-10	-10	-10
0.0003374	0	0	0.000540139	1.31003e-06	-10	-10	-10	-10	-10	-10	-10
0.0003376	0	0	0.000743307	1.36323e-06	-10	-10	-10	-10	-10	-10	-10
0.0003378	0	0	0.000500679	4.72576e-07	-10	-10	-10	-10	-10	-10	-10
0.000338	0	0	0.00218165	3.37076e-06	-10	-10	-10	-10	-10	-10	-10
0.0003382	0	0	0.00090252	1.87528e-06	-10	-10	-10	-10	-10	-10	-10
0.0003384	0	0	0.00102869	8.60821e-07	-10	-10	-10	-10	-10	-10	-10
0.0003386	0	0	0.000909464	8.04354e-08	-10	-10	-10	-10	-10	-10	-10
0.0003388	0	0	0.000872634	3.93589e-07	-10	-10	-10	-10	-10	-10	-10
0.000339	0	0	0.000901491	1.05231e-06	-10	-10	-10	-10	-10	-10	-10
0.0003392	0	0	0.00103335	4.55465e-07	-10	-10	-10	-10	-10	-10	-10
0.0003394	0	0	0.000917842	1.77453e-07	-10	-10	-10	-10	-10	-10	-10
0.0003396	0	0	0.000695847	2.44684e-06	-10	-10	-10	-10	-10	-10	-10
0.0003398	0	0	0.000984647	1.04814e-06	-10	-10	-10	-10	-10	-10	-10
0.00034	0	0	0.000415715	7.00697e-07	-10	-10	-10	-10	-10	-10	-10
0.0003402	0	0	0.00049689	3.1751e-08	-10	-10	-10	-10	-10	-10	-10
0.0003404	0	0	0.000751553	1.42547e-06	-10	-10	-10	-10	-10	-10	-10
0.0003406	0	0	0.000998139	7.66766e-07	-10	-10	-10	-10	-10	-10	-10
0.0003408	0	0	0.000470602	2.64654e-06	-10	-10	-10	-10	-10	-10	-10
0.000341	0	0	0.000384145	4.61293e-07	-10	-10	-10	-10	-10	-10	-10
0.0003412	0	0	0.000641269	4.01917e-07	-10	-10	-10	-10	-10	-10	-10
0.0003414	0	0	0.000357829	4.58144e-08	-10	-10	-10	-10	-10	-10	-10
0.0003416	0	0	0.000917167	4.06812e-07	-10	-10	-10	-10	-10	-10	-10
0.0003418	0	0	0.000846143	9.06782e-07	-10	-10	-10	-10	-10	-10	-10
0.000342	0	0	0.000535697	1.41456e-07	-10	-10	-10	-10	-10	-10	-10
0.0003422	0	0	0.000312088	8.47352e-08	-10	-10	-10	-10	-10	-10	-10
0.0003424	0	0	0.0008412	1.9842e-07	-10	-10	-10	-10	-10	-10	-10
0.0003426	0	0	0.000504022	3.36504e-07	-10	-10	-10	-10	-10	-10	-10
0.0003428	0	0	0.000682544	7.85214e-08	-10	-10	-10	-10	-10	-10	-10
0.000343	0	0	0.000707981	1.41996e-06	-10	-10	-10	-10	-10	-10	-10
0.0003432	0	0	0.000658276	1.14711e-07	-10	-10	-10	-10	-10	-10	-10
0.0003434	0	0	0.00155884	4.3176e-07	-10	-10	-10	-10	-10	-10	-10
0.0003436	0	0	0.000487092	6.20491e-07	-10	-10	-10	-10	-10	-10	-10
0.0003438	0	0	0.000744038	9.11952e-08	-10	-10	-10	-10	-10	-10	-10
0.000344	0	0	0.000630917	6.00668e-07	-10	-10	-10	-10	-10	-10	-10
0.0003442	0	0	0.000933136	6.31433e-08	-10	-10	-10	-10	-10	-10	-10
0.0003444	0	0	0.000416692	1.2727e-06	-10	-10	-10	-10	-10	-10	-10
0.0003446	0	0	0.000450913	1.3469e-06	-10	-10	-10	-10	-10	-10	-10
0.0003448	0	0	0.000514653	1.09023e-06	-10	-10	-10	-10	-10	-10	-10
0.000345	0	0	0.000400831	8.31157e-08	-10	-10	-10	-10	-10	-10	-10
0.0003452	0	0	0.00145574	8.57141e-08	-10	-10	-10	-10	-10	-10	-10
0.0003454	0	0	0.000257726	1.03515e-06	-10	-10	-10	-10	-10	-10	-10
0.0003456	0	0	0.000221363	5.44451e-08	-10	-10	-10	-10	-10	-10	-10
0.0003458	0	0	0.000343932	4.96152e-08	-10	-10	-10	-10	-10	-10	-10
0.000346	0	0	0.000438293	5.06827e-07	-10	-10	-10	-10	-10	-10	-10
0.0003462	0	0	0.00063957	9.778e-08	-10	-10	-10	-10	-10	-10	-10
0.0003464	0	0	0.000997305	7.85146e-08	-10	-10	-10	-10	-10	-10	-10
0.0003466	0	0	0.000989758	2.32448e-07	-10	-10	-10	-10	-10	-10	-10
0.0003468	0	0	0.000513455	4.67429e-08	-10	-10	-10	-10	-10	-10	-10
0.000347	0	0	0.00111437	3.95531e-07	-10	-10	-10	-10	-10	-10	-10
0.0003472	0	0	0.000489016	5.16486e-07	-10	-10	-10	-10	-10	-10	-10
0.0003474	0	0	0.00118658	2.35061e-07	-10	-10	-10	-10	-10	-10	-10
0.0003476	0	0	0.000735455	2.85904e-07	-10	-10	-10	-10	-10	-10	-10
0.0003478	0	0	0.000800452	1.04749e-06	-10	-10	-10	-10	-10	-10	-10
0.000348	0	0	0.000458792	2.38513e-07	-10	-10	-10	-10	-10	-10	-10
0.0003482	0	0	0.000642858	4.48566e-07	-10	-10	-10	-10	-10	-10	-10
0.0003484	0	0	0.000614562	8.75487e-07	-10	-10	-10	-10	-10	-10	-10
0.0003486	0	0	0.00110947	3.891e-07	-10	-10	-10	-10	-10	-10	-10
0.0003488	0	0	0.000841557	5.11772e-07	-10	-10	-10	-10	-10	-10	-10
0.000349	0	0	0.00111355	5.04135e-06	-10	-10	-10	-10	-10	-10	-10
0.0003492	0	0	0.000354501	4.49478e-07	-10	-10	-10	-10	-10	-10	-10
0.0003494	0	0	0.000570576	3.70001e-07	-10	-10	-10	-10	-10	-10	-10
0.0003496	0	0	0.00031789	1.02663e-07	-10	-10	-10	-10	-10	-10	-10
0.0003498	0	0	0.000249978	3.90291e-08	-10	-10	-10	-10	-10	-10	-10
