40221.7473893 90.9713342962
40322.9210941 101.173704821
40426.753428 103.832333925
40605.344894 178.591465964
40695.2215 89.8766060547
40796.2868027 101.065302706
40899.5006564 103.213853655
41039.0296249 139.528968497
41133.8337621 94.8041371549
41235.9927166 102.15895459
41354.2342995 118.241582812
41454.3902179 100.15591848
41572.253175 117.862957092
41672.0436373 99.7904622405
41787.7275303 115.683893038
41888.7377377 101.010207374
42011.156064 122.418326304
42109.2503309 98.0942669303
42216.7059227 107.455591753
42342.1302056 125.424282917
42439.1946517 97.0644460689
42543.8823492 104.687697581
42722.196028 178.313678725
42812.0283013 89.832273294
42913.0899193 101.061618005
43016.2859367 103.19601744
43154.3035455 138.017608775
43249.3779866 95.0744411326
43351.6923527 102.314366105
43475.261027 123.56867428
43573.4006246 98.1395976354
43681.0222395 107.621614923
43804.304292 123.282052503
43901.863468 97.5591759658
44007.6834102 105.819942183
44170.1095504 162.426140178
44261.295717 91.1861665908
44362.4961446 101.200427675
44466.4948043 103.998659616
44647.8001877 181.305383474
44737.5031873 89.7029995917
44838.554691 101.051503633
44941.6939345 103.139243526
45075.2428612 133.548926734
45171.1407726 95.8979114177
45274.1273353 102.986562669
45436.7254148 162.598079541
45528.0576246 91.3322097142
45629.2752511 101.217626537
45733.3975272 104.122276088
45915.9040634 182.506536209
46005.5394406 89.6353772158
46106.5860028 101.046562221
46209.6956494 103.109646581
46341.1163176 131.420668159
46437.4334042 96.3170866056
46540.9062363 103.472832112
46717.5836134 176.677377112
46807.5655001 89.9818867486
46908.6394682 101.07396802
47011.904658 103.265189837
47155.9451435 144.040485456
47249.9888828 94.0437393518
47351.7986126 101.809729768
47462.4124321 110.613819503
47572.6154157 110.202983577
47676.3439987 103.72858302
47796.5572709 120.213272185
47895.0602576 98.5029866951
48004.0575316 108.997274087
48116.8797259 112.822194281
48218.4463364 101.566610477
48342.8909128 124.444576352
48440.4117022 97.520789404
48546.1369816 105.725279469
48710.6825722 164.545590581
48801.6398799 90.9573077216
48902.8117152 101.171835299
49006.6363002 103.824584996
49185.0506574 178.414357141
49274.9343936 89.88373625
49376.0015338 101.06714013
49479.2171643 103.215630543
49619.2193659 140.002201593
49713.943916 94.7245500927
49816.0554717 102.111555708
49933.0577923 117.002320584
50033.9118767 100.854084429
50155.5630618 121.651185054
50253.8932191 98.3301572984
50362.2074501 108.314231079
50479.0811501 116.87369995
50578.5770088 99.4958587263
50692.524596 113.947587183
50794.899406 102.374810011
50918.8959295 123.996523511
51016.4603026 97.5643730424
51122.2954102 105.835107603
51284.2933585 161.997948298
51375.5300173 91.2366588854
51476.7351564 101.205139026
51580.7740841 104.038927733
51762.5255939 181.751509759
51852.1972555 89.6716615932
51953.2474347 101.050179295
52056.3755235 103.128088727
52189.1174788 132.741955346
52285.1703939 96.052915091
52388.3252579 103.154864004
52557.9867076 169.661449648
52648.567385 90.580677445
52749.6965408 101.129155819
52853.2708736 103.574332732
53022.461025 169.190151397
53113.1091274 90.6481024816
53214.2455199 101.136392424
53317.8614175 103.615897681
53489.2121368 171.350719227
53579.6515546 90.4394177947
53680.7674304 101.11587585
53784.2636705 103.496240065
53948.5500274 164.286356927
54039.7080485 91.1580210825
54140.9045025 101.196453969
54244.8830646 103.978562164
54425.9290138 181.045949181
54515.6518449 89.7228311114
54616.7049258 101.053080927
54719.8505947 103.145668848
54853.8845184 134.03392373
54949.6914551 95.8069367083
55052.5845776 102.893122498
55209.9531871 157.368609452
55301.9563442 92.0031571233
55403.2676986 101.311354351
55508.0838057 104.816107104
55692.3983474 184.314541781
55781.9220592 89.5237117703
55882.9622594 101.040200183
55986.0225085 103.06024915
56114.3989376 128.37642904
56211.3638009 96.9648633075
56315.8619017 104.498100832
56495.0588034 179.196901703
56584.8407473 89.7819438394
56685.8995722 101.05882495
56789.0711087 103.171536491
56925.3442475 136.273138791
57020.7335443 95.3892967911
57123.268301 102.534756671
57257.3555334 134.087232443
57353.1224521 95.7669187245
57455.9795803 102.857128206
57610.9787515 154.999171185
57703.3079564 92.329204888
57804.6751701 101.367213723
57909.9466167 105.271446592
58093.3914025 183.444785832
58182.9465772 89.5551746298
58283.9889625 101.042385328
58387.0615885 103.072625951
58516.2409979 129.179409424
58613.0260691 96.7850712117
58717.2060052 104.179936114
58897.154936 179.948930796
58986.9035087 89.7485726974
59087.9598854 101.056376676
59191.1157053 103.155819973
59326.1885285 135.072823194
59421.7979732 95.6094446225
59524.5118595 102.713886289
59670.102361 145.590501513
59763.8577594 93.7553984369
59865.5701932 101.712433753
59974.7019265 109.131733332
60093.0445678 118.342641349
60191.9817774 98.9372095777
60302.9238853 110.942107869
60409.4951957 106.571310452
60519.2504985 109.755302748
60623.7955828 104.545084351
60740.5584144 116.762831531
60840.2412396 99.6828252338
60955.2866562 115.045416615
61056.7489409 101.462284643
61180.61628 123.867339171
61278.2831328 97.6668527697
61384.4103636 106.127230822
61538.7962323 154.385868671
61630.9828163 92.1865840136
61732.3256172 101.342800873
61837.388945 105.063327865
62021.3760223 183.987077249
62110.9086756 89.5326532636
62211.9494428 101.040767262
62315.0136654 103.064222591
62443.6365347 128.62286928
62540.542712 96.9061773195
62644.9409641 104.398252066
62824.4752154 179.534251363
62914.2495173 89.7743018818
63015.3066476 101.057130326
63118.473252 103.166604384
63254.1308352 135.65758314
63349.6299569 95.499121743
63452.2541664 102.624209484
63591.7785214 139.524354977
63686.5566229 94.778101543
63788.6996348 102.143011868
63906.4960098 117.796374978
64006.8892269 100.393217104
64126.1234518 119.234224894
64225.3167989 99.1933471847
64337.5938953 112.277096397
64441.8611494 104.26725408
64559.1662213 117.305071872
64658.6442369 99.4780155563
64772.4851447 113.840907829
64874.9582925 102.473147861
64998.7739324 123.81563987
65096.3743421 97.6004096539
65202.3111 105.93675793
65361.7873397 159.47623974
65453.3200421 91.5327024013
65554.5619331 101.241890952
65658.865304 104.303370904
65842.4392938 183.57398979
65932.0141572 89.574863414
66033.0564323 101.042275057
66136.1408746 103.084442344
66265.8497461 129.708871472
66362.5221841 96.6724380146
66466.511633 103.989448962
66646.3928056 179.881172566
66736.1559827 89.763177069
66837.2121744 101.056191758
66940.3755445 103.163370071
67075.7693526 135.393808041
67171.3198288 95.5504762987
67273.9843723 102.664543418
67416.1277568 142.143384545
67510.4554568 94.3276999816
67612.3810925 101.925635753
67725.0628858 112.681793298
67830.2479518 105.185065964
67943.9245759 113.676624044
68045.1355268 101.210950903
68168.526826 123.391299218
68266.3412534 97.8144274445
68372.8968565 106.555603118
68515.668567 142.771710449
68609.578158 93.9095909795
68711.3448543 101.766696377
68821.2226009 109.877746565
68934.6136773 113.391076387
69035.7807955 101.167118222
69159.0689322 123.288136696
69256.9154861 97.8465539302
69363.5666504 106.651164216
69503.9458973 140.379246926
69598.2501592 94.3042618686
69700.1633976 101.913238479
69812.5877012 112.424303611
69918.2173496 105.629648352
70030.4487302 112.231380654
70132.6333375 102.184607214
70257.3687501 124.73541267
70354.7698682 97.4011180799
70460.1982564 105.428388199
70630.55229 170.3540336
70720.9566228 90.404332824
70822.0663896 101.109766738
70925.5437775 103.477387915
71088.4115874 162.867809893
71179.7414493 91.3298618724
71280.9589733 101.217524087
71385.0719958 104.113022474
71567.5352066 182.463210792
71657.1652836 89.6300770417
71758.2124089 101.04712527
71861.3232142 103.110805252
71992.8297761 131.506561922
72089.1301843 96.3004082309
72192.5801895 103.450005145
72368.929419 176.349229496
72458.9454641 90.0160451694
72560.0189121 101.073448006
72663.2950303 103.276118161
72808.348118 145.053087698
72902.2218372 93.8737191816
73003.9756449 101.753807753
73113.663085 109.687440086
73228.0999574 114.436872405
73328.6750709 100.575113495
73449.1054485 120.430377535
73547.8575399 98.752091438
73657.9462585 110.088718655
73766.6284754 108.682216857
73872.3254657 105.696990301
73985.0038658 112.678400108
74086.8473051 101.843439316
74211.616654 124.769348907
74309.0322845 97.4156304566
74414.506293 105.474008505
74584.0886315 169.582338546
74674.5583257 90.4696941459
74775.6772204 101.118894699
74879.1920695 103.514849148
75044.7375765 165.545506973
75135.7580938 91.0205173041
75236.937582 101.179488201
75340.807286 103.869703942
75520.1592231 179.351937122
75609.9831104 89.8238873126
75711.041429 101.05831865
75814.2332056 103.19177654
75951.9020814 137.668875837
76047.0388785 95.1367970645
76149.3959551 102.357076633
76274.5924211 125.196465984
76372.2831444 97.6907233204
76478.4901081 106.206963662
76630.5915931 152.101484978
76723.0885089 92.4969158646
76824.492219 101.403710077
76930.0456402 105.553421204
77112.3178537 182.272213523
77201.9238361 89.6059823745
77302.969694 101.045857858
77406.0640375 103.094343559
77536.6720511 130.608013593
77633.1545977 96.4825465587
77736.8573469 103.70274919
77915.6880471 178.830700191
78005.5197026 89.8316555749
78106.5812274 101.06152481
78209.7771918 103.195964359
78347.7892268 138.012035044
78442.8643499 95.0751230633
78545.1794121 102.315062217
78668.7739813 123.594569131
78766.9062274 98.1322461092
78874.5012453 107.595017887
78998.1021012 123.60085592
79095.5821963 97.4800951685
79201.2080843 105.625887925
79367.9515399 166.743455606
79458.6929404 90.7414005442
79559.8398241 101.146883701
79663.5121377 103.672313623
79837.3932094 173.88107162
79927.6198646 90.2266552343
80028.7148437 101.094979152
80132.0939832 103.3791395
80286.8447618 154.750778575
80379.2326828 92.3879209476
80480.6114601 101.378777285
80585.982036 105.370575985
80769.0872304 183.105194368
80858.6482692 89.5610387619
80959.6905992 101.042330056
81062.7727972 103.082197987
81192.3441132 129.571316013
81289.0458243 96.701711045
81393.0829 104.037075762
81573.0280548 179.945154764
81662.7784482 89.7503933876
81763.8346618 101.056213668
81866.9958107 103.161148812
82002.2285133 135.232702597
82097.8082949 95.5797816525
82200.4982257 102.689930801
82344.3284415 143.830215755
82438.3757196 94.0472781705
82540.1881921 101.812472513
82650.8436182 110.655426078
82760.9003868 110.056768538
82864.785805 103.885418212
82984.3490174 119.563212413
83083.0483871 98.6993697393
83192.8789293 109.830542187
83302.3716094 109.492680111
83406.97052 104.598910542
83523.5838141 116.613294169
83623.3271185 99.7433043531
83738.7327992 115.405680727
83839.9363967 101.203597451
83963.0800396 123.143642901
84060.9582364 97.878196846
84167.7049572 106.746720786
84305.8224263 138.117469137
84400.5014699 94.6790435769
84502.5907676 102.089297691
84618.9191225 116.328354883
84720.2171986 101.298076159
84843.5290594 123.311860778
84941.3520292 97.8229697876
85047.9326262 106.580597001
85190.0722683 142.139642131
85284.0827106 94.0104422601
85385.8859258 101.803215165
85496.3332991 110.447373318
85607.1561311 110.822832031
85710.2659265 103.10979537
85832.9015037 122.635577196
85930.7622189 97.8607151998
86037.4417946 106.6795757
86177.1883817 139.746587089
86271.5926451 94.4042634193
86373.5516614 101.959016307
86486.8829844 113.331323023
86591.0954936 104.212509198
86708.423251 117.327757395
86807.8975067 99.4742556535
86921.7001192 113.802612565
87024.2089626 102.508843369
87147.9412332 123.732270631
87245.5601862 97.6189529561
87351.5449748 105.984788615
87509.806066 158.261091165
87601.4893736 91.6833076201
87702.7522694 101.262895813
87807.2038258 104.45155637
87991.2638751 184.060049307
88080.805769 89.5418939655
88181.8470049 101.041235863
88284.9194175 103.072412626
88413.8755762 128.956158629
88510.7109489 96.8353727726
88614.9743274 104.263378421
88794.8199555 179.845628169
88884.5743431 89.7543875754
88985.6298496 101.055506548
89088.7905569 103.160707221
89223.9682817 135.177724816
89319.5608523 95.5925706041
89422.2587344 102.697882074
89566.6458085 144.38707413
89660.5972607 93.9514521842
89762.3792552 101.781994495
89872.5026945 110.123439351
89984.6920205 112.189325935
90086.6640935 101.972073015
90211.5638725 124.899779026
90308.9404969 97.376624421
90414.3156509 105.375153954
90585.513999 171.198348119
90675.8462323 90.3322332984
90776.9528242 101.106591926
90880.3899981 103.437173852
91040.2267934 159.836795376
91131.9266732 91.6998797757
91233.1922413 101.265568093
91337.6657221 104.473480781
91521.7724839 184.106761817
91611.3117391 89.5392552248
91712.3528272 101.041088059
91815.424027 103.071199828
91944.3066808 128.882653769
92041.157126 96.8504452138
92145.4496038 104.292477809
92325.2467448 179.797140939
92415.0010563 89.7543115286
92516.056529 101.05547271
92619.2181413 103.161612309
92754.4663319 135.24819063
92850.0458301 95.5794981627
92952.7326011 102.686770957
93096.3680997 143.63549863
93190.4491834 94.0810836911
93292.2737187 101.824535373
93403.1310453 110.857326519
93512.5110171 109.379971871
93617.1883412 104.677324108
93733.5028603 116.31451906
93833.3703662 99.8675058511
93949.5318299 116.16146379
94050.243014 100.711184033
94171.2760284 121.033014439
94269.8137941 98.537765659
94378.9562458 109.142451732
94491.0771404 112.120894543
94593.1412121 102.064071755
94718.0197764 124.878564316
94815.3939134 97.3741369731
94920.7644653 105.370551907
95092.0397333 171.275267995
95182.3660669 90.3263335552
95283.4721433 101.106076446
95386.9057836 103.433640286
95546.4566701 159.550886535
95638.1970563 91.7403861808
95739.4714687 101.27441238
95843.9819403 104.510471581
96028.1625405 184.180600195
96117.6938697 89.5313292408
96218.7342249 101.040355159
96321.8037873 103.069562458
96450.568519 128.764731689
96547.4443102 96.875791224
96651.782862 104.338551804
96831.4710106 179.688148598
96921.2376962 89.7666855756
97022.2941858 101.056489572
97125.4575982 103.163412416
97260.86133 135.403731836
97356.4116882 95.5503582025
97459.0720186 102.660330338
97601.0948894 142.022870845
97695.4429212 94.3480317352
97797.3775519 101.934630755
97910.2354982 112.857946326
98015.1375352 104.902036944
98129.8146152 114.677079997
98230.4654632 100.650848036
98351.2765602 120.811096973
98449.895389 98.61882884
98559.3826904 109.487301406
98670.0719186 110.689228125
98773.3589941 103.287075518
98895.3231094 121.964115287
98993.3512554 98.0281459962
99100.567466 107.21621066
99229.5633773 128.995911317
99325.8894402 96.326062876
99429.3678941 103.478453855
99606.114475 176.746580887
99696.0919787 89.9775037446
99797.1655287 101.073549974
99900.4283142 103.262785545
